0
0 827225
1
0 1233341
2
0 917989
3
0 437110
4
0 564370
5
0 1734181
6
0 118862
7
0 1982229
8
0 1088498
9
1 657304
0 660701
10
0 1543758
11
0 1724994
12
0 995444
13
0 1630406
14
0 1969034
15
1 1950410
0 1953811
16
0 1572727
17
0 1043412
18
0 1431554
19
0 415358
20
0 1261513
21
0 1759434
22
0 1917366
23
0 1307609
24
0 616817
25
0 604201
26
0 535406
27
0 918392
28
0 1259640
29
0 544910
30
0 90177
31
0 1921134
32
0 1124371
33
0 2077153
34
0 771316
35
0 628794
36
0 1984647
37
0 1482417
38
0 2045653
39
0 1040721
40
0 1779219
41
0 536223
42
0 416947
43
1 2059171
0 2062572
44
0 1649928
45
0 1722044
46
0 1751075
47
0 1183180
48
0 752605
49
0 341858
50
0 1357500
51
0 246926
52
0 149544
53
0 514269
54
0 1724001
55
0 820653
56
0 1923392
57
0 352374
58
0 1040268
59
0 1294873
60
0 1004414
61
0 39766
62
0 1920171
63
0 635397
64
0 1676971
65
0 1189160
66
0 1107445
67
0 2066157
68
0 849424
69
0 573615
70
0 982694
71
0 316531
72
0 720250
73
0 2016195
74
0 760135
75
0 1398633
76
0 1385948
77
0 2060981
78
0 1607002
79
0 1025327
80
0 1431282
81
0 1007944
82
0 491008
83
0 776246
84
0 463136
85
0 297619
86
0 1284100
87
0 1878589
88
0 1280929
89
0 1144148
90
0 857398
91
0 1117125
92
0 592884
93
0 1657998
94
0 1120142
95
0 157948
96
0 576351
97
0 1454787
98
0 1153717
99
0 419912
100
0 151952
101
0 208220
102
0 2003075
103
0 2021486
104
0 232286
105
0 116970
106
0 1702456
107
0 1717408
108
0 1388185
109
0 666745
110
0 654726
111
0 1261910
112
0 1489699
113
0 567861
114
0 1501238
115
0 1839121
116
0 246010
117
0 855833
118
0 48097
119
0 1334660
120
0 1178553
121
0 1286538
122
0 887333
123
0 33971
124
0 917225
125
0 316775
126
0 227635
127
0 1613842
128
0 1047598
129
0 866987
130
0 883347
131
0 1523292
132
0 1694153
133
0 183171
134
0 1057142
135
0 1744915
136
0 886757
137
0 632451
138
0 1659842
139
0 1612810
140
0 436828
141
0 598219
142
0 2096292
143
0 367293
144
0 1593646
145
0 38290
146
0 308142
147
0 415092
148
0 494709
149
0 999980
150
0 1103645
151
0 96799
152
0 1544624
153
0 360684
154
0 544507
155
0 172478
156
0 1075041
157
0 918747
158
0 513830
159
0 1582011
160
0 2037758
161
0 1435919
162
0 1534785
163
0 1145116
164
0 583473
165
0 870335
166
0 292762
167
0 840084
168
0 573310
169
0 544067
170
0 460530
171
0 1647171
172
0 1938237
173
0 678801
174
0 1006696
175
0 199216
176
0 1877099
177
0 1953990
178
0 1610489
179
0 471194
180
0 1111695
181
1 817109
0 821080
182
0 1094677
183
0 197914
184
0 1399526
185
0 140089
186
0 2013654
187
0 1804521
188
0 1806594
189
0 535858
190
0 1833142
191
0 2093203
192
0 376875
193
0 1008159
194
0 965521
195
0 1071992
196
0 137669
197
0 989728
198
0 1963418
199
0 1626288
200
0 2001547
201
0 636281
202
0 1292383
203
0 1258905
204
0 247107
205
0 1028332
206
0 1795404
207
0 2038242
208
0 581654
209
0 1875166
210
0 787689
211
0 848831
212
0 734933
213
0 1832916
214
0 2059158
215
0 646424
216
0 936658
217
0 307182
218
0 2035817
219
0 1307992
220
0 838129
221
0 1876742
222
0 1679536
223
0 1741457
224
0 113874
225
0 1810841
226
0 221947
227
0 2023564
228
0 798750
229
0 1019798
230
0 580251
231
0 464278
232
0 2042685
233
0 1399135
234
0 1037024
235
0 1551308
236
0 475612
237
0 269328
238
0 284254
239
0 1798180
240
0 2091917
241
0 1132822
242
0 1693770
243
0 1447821
244
0 81109
245
0 1384121
246
0 251746
247
0 372907
248
0 1955630
249
0 284674
250
0 1768599
251
0 1920181
252
0 2057657
253
0 180379
254
0 1558387
255
0 481479
256
0 393299
257
0 1748204
258
0 250543
259
0 438575
260
0 25655
261
0 1337700
262
0 1101595
263
0 452836
264
0 769287
265
0 2058818
266
0 1542604
267
0 1133248
268
0 193139
269
0 1592527
270
0 1885050
271
0 1114224
272
0 1680834
273
0 914608
274
0 1217391
275
0 1890871
276
0 113905
277
0 1049479
278
0 973937
279
0 1345319
280
0 303077
281
0 376429
282
0 318241
283
0 1473463
284
0 391645
285
0 1487140
286
0 1161140
287
0 796227
288
0 1833252
289
0 1358600
290
0 1418468
291
0 223404
292
0 1506764
293
0 341203
294
0 712414
295
0 1010547
296
0 1150075
297
0 1218195
298
0 1009900
299
0 1332706
300
0 1602873
301
0 1044793
302
0 975793
303
0 1504567
304
0 92554
305
0 1563709
306
0 123001
307
0 1521941
308
0 1901095
309
0 1769848
310
0 1007497
311
0 819436
312
0 1598592
313
0 460965
314
0 448441
315
0 2063079
316
0 33684
317
0 376567
318
0 1265829
319
0 97749
320
0 1505541
321
0 1330156
322
0 1591492
323
0 1472382
324
0 1175125
325
0 806826
326
0 925627
327
0 861006
328
0 293476
329
0 227904
330
0 1346462
331
0 1678189
332
0 1039796
333
0 1397942
334
0 403308
335
0 1554043
336
0 638580
337
0 1332467
338
0 410962
339
0 1036975
340
0 1037702
341
0 1305235
342
0 435200
343
0 80031
344
0 1933191
345
0 626826
346
0 1516997
347
0 1712370
348
0 31581
349
1 934506
0 937994
350
0 1970021
351
0 591526
352
0 206261
353
0 310986
354
0 1288601
355
0 1507710
356
0 145837
357
0 1095122
358
0 1935065
359
0 1188949
360
1 1401936
0 1405310
361
0 403572
362
0 2022004
363
0 1910425
364
0 2006363
365
0 666588
366
0 516326
367
0 1990825
368
0 839993
369
0 917273
370
0 1849521
371
0 901907
372
0 960408
373
0 109795
374
0 388497
375
0 351113
376
0 1460870
377
0 140841
378
0 1109418
379
1 148296
0 151682
380
0 128613
381
0 1565871
382
0 1225109
383
0 1252347
384
0 1673446
385
0 2086441
386
0 73310
387
0 1352747
388
0 919683
389
0 1923524
390
0 1780763
391
0 473887
392
0 1411186
393
0 1353100
394
0 532857
395
0 539052
396
0 598971
397
0 1119304
398
0 192531
399
0 1643718
400
0 251938
401
0 1638905
402
0 2000995
403
0 1384142
404
0 65949
405
0 1283689
406
0 1639101
407
0 2025686
408
0 337386
409
0 903205
410
0 1576962
411
0 1293727
412
0 1115857
413
0 1918030
414
0 1603759
415
0 1530813
416
0 1443150
417
0 803371
418
0 719021
419
0 1692056
420
0 1678989
421
0 621692
422
0 1556405
423
0 269362
424
0 1984029
425
0 778803
426
0 1560872
427
0 666880
428
0 2024860
429
0 1899045
430
0 1455066
431
0 1706619
432
0 235964
433
0 1958573
434
0 1992615
435
0 1817874
436
0 649160
437
0 993163
438
0 236383
439
0 1347855
440
0 91773
441
0 100790
442
0 935425
443
0 1020644
444
0 701510
445
0 1606198
446
0 1213145
447
0 1174200
448
0 1049760
449
0 1269748
450
0 1934354
451
0 1117633
452
0 492250
453
0 1064192
454
0 777988
455
0 1972568
456
0 67139
457
0 928853
458
0 1992706
459
0 2040947
460
0 777822
461
0 1272038
462
0 237205
463
0 449139
464
0 318582
465
0 204979
466
0 1389703
467
0 1776697
468
0 1469300
469
0 818258
470
0 107530
471
0 1361767
472
0 791557
473
0 1047382
474
0 2082903
475
0 1355962
476
0 1932283
477
0 877289
478
0 335705
479
0 534561
480
0 952085
481
0 922896
482
0 1039183
483
0 792818
484
0 1028189
485
0 1718437
486
0 267149
487
0 1083478
488
0 236155
489
0 221898
490
0 547896
491
0 316225
492
0 1134970
493
0 2027750
494
0 1450923
495
0 1199782
496
0 1863090
497
0 23104
498
0 1664521
499
0 50107
500
0 389252
501
0 1791788
502
0 933661
503
0 899176
504
0 1729088
505
0 806280
506
0 590286
507
0 752488
508
0 1684532
509
0 1775180
510
0 2007049
511
0 575854
512
0 624911
513
0 474960
514
0 909150
515
0 1487570
516
0 217107
517
0 1573741
518
0 112432
519
0 2051900
520
0 1958236
521
0 715082
522
0 628886
523
0 66300
524
0 1902471
525
0 126286
526
0 1985914
527
0 1986069
528
0 504615
529
0 583396
530
0 611436
531
0 669039
532
0 216298
533
0 709750
534
0 52212
535
0 608652
536
0 121444
537
0 890085
538
0 924096
539
0 390510
540
0 1987702
541
0 91544
542
0 1579158
543
0 512226
544
0 1422653
545
0 516284
546
0 1988569
547
0 1341730
548
0 1798442
549
0 1443951
550
0 425218
551
0 438560
552
0 801173
553
0 882576
554
0 1248473
555
0 1844897
556
0 431261
557
0 937554
558
0 641354
559
1 1426785
0 1430458
560
0 1303716
561
0 894792
562
0 682399
563
0 1921527
564
0 51293
565
0 204332
566
0 1696569
567
0 646012
568
0 1001641
569
0 1499643
570
0 168550
571
0 1161375
572
0 601206
573
0 1715245
574
0 734025
575
0 661301
576
0 614423
577
0 871935
578
0 888066
579
0 408052
580
0 1925368
581
0 1084308
582
0 130719
583
0 879072
584
0 1834152
585
0 525371
586
0 1033673
587
1 231230
0 234819
588
0 821999
589
0 165710
590
0 1445226
591
0 1640259
592
0 1646909
593
0 971426
594
0 746917
595
0 265646
596
1 1955754
0 1959451
597
0 1104981
598
0 1178532
599
0 1721615
600
0 993764
601
0 1904654
602
0 1520420
603
1 1727206
0 1730603
604
0 1037161
605
0 940589
606
0 1379194
607
0 62789
608
0 1506757
609
0 1893939
610
0 704510
611
0 61167
612
0 1876641
613
0 1470380
614
0 683017
615
0 816189
616
0 279512
617
0 507884
618
0 1024103
619
0 827539
620
0 825861
621
0 1840750
622
0 755891
623
0 1458516
624
0 1231795
625
0 1918603
626
0 1808364
627
0 1342588
628
0 1428679
629
0 654322
630
0 1765258
631
0 1655405
632
0 855960
633
0 1259976
634
0 761473
635
0 1635235
636
0 1183655
637
0 1890566
638
0 159402
639
0 1644623
640
0 772660
641
0 822953
642
0 547997
643
0 78449
644
0 148437
645
0 491525
646
0 1886263
647
0 708721
648
0 504037
649
0 1085281
650
0 1873188
651
0 1775855
652
0 820071
653
0 578420
654
0 1962568
655
0 921254
656
0 1090743
657
0 1272641
658
0 95903
659
0 566403
660
0 1487115
661
0 2095569
662
0 358270
663
0 58284
664
0 1638726
665
0 456277
666
0 350704
667
0 2050407
668
0 1481614
669
1 2009469
0 2013132
670
0 263150
671
0 1253019
672
0 2088816
673
0 1477319
674
1 1772475
0 1775916
675
0 916781
676
0 473394
677
0 1196139
678
0 1710226
679
0 2072139
680
0 1576808
681
0 556766
682
0 2058790
683
0 730666
684
0 1052911
685
0 2076208
686
0 1644004
687
0 1474970
688
0 979648
689
0 569229
690
0 2032659
691
0 959330
692
1 392097
0 395972
693
0 147444
694
0 3430
695
0 1528186
696
0 878233
697
0 1331719
698
0 1578722
699
0 512658
700
0 1377701
701
0 1973274
702
0 692364
703
0 1034893
704
0 530009
705
0 2075714
706
0 753969
707
0 1733229
708
0 1688877
709
0 1581689
710
0 989761
711
0 1197794
712
0 456998
713
0 1118060
714
0 2020981
715
0 572873
716
0 1192504
717
0 438210
718
0 1845862
719
0 369641
720
0 76881
721
0 1931585
722
0 916143
723
0 755546
724
0 399897
725
0 1142912
726
0 917167
727
0 1887325
728
0 856464
729
0 1904038
730
0 1442228
731
0 1623391
732
0 587513
733
0 1767083
734
0 1649110
735
0 258208
736
0 57490
737
0 280914
738
0 1759021
739
0 725206
740
0 466845
741
0 90574
742
0 1773253
743
0 1523576
744
0 1723137
745
0 395329
746
0 1205960
747
0 491422
748
0 394728
749
0 1175664
750
0 1553977
751
0 934284
752
0 726502
753
0 1819552
754
0 1187594
755
0 1725321
756
0 551845
757
0 972754
758
0 1633859
759
0 1566877
760
0 755374
761
0 1929275
762
0 786291
763
0 63493
764
0 1504005
765
0 1646158
766
0 1335690
767
0 1766030
768
0 531702
769
0 911844
770
0 1585064
771
0 280988
772
0 1073029
773
0 493452
774
0 2042052
775
0 1827411
776
0 311573
777
0 634010
778
0 725093
779
0 663327
780
0 1985659
781
0 1741735
782
0 130617
783
0 617486
784
0 232089
785
0 558158
786
0 1596387
787
0 1331296
788
0 105782
789
0 1871342
790
0 850715
791
0 491151
792
0 305035
793
0 1635010
794
0 1400110
795
0 1625670
796
0 2041674
797
0 905090
798
0 277731
799
0 674935
800
0 1219620
801
0 183420
802
0 1837605
803
0 413597
804
0 1874504
805
0 1166960
806
0 1917341
807
0 1058496
808
0 621235
809
0 802642
810
0 525888
811
0 137209
812
0 1438813
813
0 1595
814
0 1091779
815
0 732838
816
0 1979477
817
0 42194
818
0 216982
819
0 1770491
820
0 572577
821
0 1203820
822
0 349600
823
0 781435
824
0 1555358
825
0 1164219
826
0 61504
827
0 1436686
828
0 560652
829
0 460366
830
0 211564
831
0 1705998
832
0 476477
833
0 53878
834
0 825975
835
0 100432
836
0 320619
837
0 1058825
838
0 807116
839
0 660005
840
0 1686845
841
0 1609001
842
0 665265
843
0 892238
844
0 287625
845
1 272241
0 275681
846
0 311488
847
0 782616
848
0 1780617
849
0 1356457
850
0 1875581
851
0 1995577
852
0 302005
853
0 788058
854
0 1913664
855
0 1817049
856
0 869574
857
0 882257
858
0 2027177
859
0 1585346
860
0 1210792
861
0 159027
862
0 1138485
863
0 927610
864
0 730057
865
0 231506
866
0 1105026
867
0 809005
868
0 1909446
869
0 1797001
870
0 1641023
871
0 787240
872
0 1810976
873
0 202633
874
0 605948
875
0 155452
876
0 1069010
877
0 90161
878
0 726946
879
0 2029750
880
0 1769865
881
0 1769716
882
0 2064389
883
0 1275325
884
0 535547
885
0 637324
886
0 1495731
887
0 1817192
888
0 431988
889
0 207698
890
0 1119821
891
0 1757461
892
0 217331
893
0 147773
894
0 1673811
895
0 1427973
896
0 801043
897
0 916886
898
0 811934
899
0 1421140
900
0 1719949
901
0 1660083
902
0 536942
903
0 631532
904
0 548038
905
0 1098001
906
0 1566599
907
0 651224
908
0 192650
909
0 471469
910
0 308116
911
0 2001644
912
0 895704
913
0 1239061
914
0 51178
915
0 101213
916
0 28699
917
0 1402624
918
0 363013
919
0 177131
920
0 1330176
921
0 8228
922
0 255028
923
1 149337
0 153358
924
0 342197
925
0 737106
926
0 306224
927
0 1412542
928
0 1697580
929
0 1468310
930
0 252306
931
0 740170
932
0 619317
933
0 1798250
934
0 1730426
935
0 1790694
936
0 1737991
937
0 334971
938
0 74344
939
0 2081257
940
0 1944169
941
0 1118038
942
0 792253
943
0 409813
944
0 616377
945
0 1589408
946
0 1345855
947
0 798720
948
0 1655929
949
0 1484804
950
0 378265
951
0 1504525
952
0 152385
953
0 1424844
954
0 1103244
955
0 667012
956
0 2014351
957
0 1280436
958
0 565006
959
0 1384612
960
0 1000228
961
0 488902
962
0 1541837
963
0 927944
964
0 1450769
965
0 1821698
966
0 1024761
967
0 1598758
968
0 589932
969
0 1046828
970
0 1172119
971
0 1637101
972
1 1167291
0 1171079
973
0 1445998
974
0 305723
975
0 1428043
976
1 763387
0 766751
977
0 151941
978
0 807483
979
0 929475
980
0 1366062
981
0 543045
982
0 543500
983
0 277815
984
0 1839273
985
0 1342816
986
0 2084599
987
0 1278791
988
0 1926825
989
0 558087
990
0 209163
991
0 301464
992
0 1972980
993
0 1765149
994
0 1519225
995
0 469590
996
0 1162947
997
0 1144114
998
0 1858630
999
0 1279808
1000
0 1139788
1001
0 513965
1002
0 1072242
1003
0 297194
1004
0 1219267
1005
0 225876
1006
0 1635698
1007
0 836121
1008
0 1828971
1009
0 1487942
1010
0 2067037
1011
0 1604480
1012
0 679871
1013
0 1267906
1014
0 1600462
1015
0 1486107
1016
0 321288
1017
0 375406
1018
0 180541
1019
0 594755
1020
0 684563
1021
0 345000
1022
0 1531180
1023
0 1342539
1024
0 939321
1025
0 190762
1026
0 1749605
1027
0 1115122
1028
0 2078133
1029
0 753998
1030
0 1225150
1031
0 1691577
1032
0 602652
1033
0 59846
1034
0 305482
1035
0 1640340
1036
0 304608
1037
0 1604424
1038
0 1545172
1039
0 715892
1040
0 340729
1041
0 308045
1042
0 121917
1043
0 1807640
1044
0 1520352
1045
0 967773
1046
0 253414
1047
0 338054
1048
0 824330
1049
0 436484
1050
0 427918
1051
0 261569
1052
0 1125494
1053
0 1845177
1054
0 1640105
1055
0 380773
1056
0 1267977
1057
0 1454448
1058
0 70738
1059
0 1377585
1060
0 1315948
1061
0 1956772
1062
0 625894
1063
0 1174594
1064
0 1216921
1065
0 228011
1066
0 304154
1067
0 1789118
1068
0 470711
1069
0 358243
1070
0 1976880
1071
0 628523
1072
0 1429794
1073
0 1816358
1074
0 1781889
1075
0 1024066
1076
0 438889
1077
0 322202
1078
0 902757
1079
0 1469525
1080
0 196532
1081
0 1110531
1082
0 1500026
1083
0 335322
1084
0 495337
1085
0 1951359
1086
0 293762
1087
0 238174
1088
0 2055922
1089
0 214677
1090
0 1914787
1091
0 1328406
1092
0 1506216
1093
0 1568945
1094
0 882794
1095
0 376747
1096
0 368150
1097
0 1659579
1098
0 886236
1099
0 882841
1100
0 596566
1101
0 1701979
1102
0 1376598
1103
0 109638
1104
0 422661
1105
0 151798
1106
0 292214
1107
0 2095334
1108
0 981709
1109
0 564272
1110
0 1305874
1111
0 936226
1112
0 313236
1113
0 1999580
1114
0 1403101
1115
0 1572894
1116
0 1838210
1117
0 579864
1118
0 403329
1119
0 420397
1120
0 1736031
1121
0 1351289
1122
0 1867238
1123
0 990805
1124
0 122302
1125
0 1152931
1126
0 1065778
1127
0 1537284
1128
0 1955628
1129
0 2066097
1130
0 1901492
1131
0 936858
1132
0 1670740
1133
0 15718
1134
0 416259
1135
0 283084
1136
0 939840
1137
0 373531
1138
0 999180
1139
0 1709051
1140
0 1054897
1141
0 1429241
1142
0 1556484
1143
0 711649
1144
0 494980
1145
0 492389
1146
0 1219650
1147
0 1133096
1148
0 1732483
1149
0 257485
1150
0 380380
1151
0 955435
1152
0 1281346
1153
0 2092779
1154
0 682390
1155
0 862013
1156
0 1207955
1157
0 503495
1158
0 64905
1159
0 1031950
1160
0 195156
1161
0 465455
1162
0 1887262
1163
0 2038960
1164
0 941912
1165
0 1106326
1166
0 196615
1167
0 1076347
1168
0 1386023
1169
0 1527072
1170
0 177785
1171
0 68575
1172
0 1773314
1173
0 1331357
1174
0 800325
1175
0 98149
1176
0 753136
1177
0 850999
1178
0 1977826
1179
0 1405029
1180
0 1732746
1181
0 1826860
1182
0 2060939
1183
0 965427
1184
0 1172186
1185
0 1026672
1186
0 1304052
1187
0 1844028
1188
0 613961
1189
0 1672304
1190
0 974657
1191
0 822880
1192
0 1099323
1193
0 924208
1194
0 406644
1195
0 833954
1196
0 1975424
1197
0 1168822
1198
0 1809037
1199
0 1403217
1200
0 1620557
1201
0 298946
1202
0 847317
1203
0 1210602
1204
0 1305637
1205
0 180389
1206
0 1559162
1207
0 1812945
1208
0 396863
1209
0 229246
1210
0 1153485
1211
0 430912
1212
0 862158
1213
0 215780
1214
0 472588
1215
0 1942793
1216
0 764538
1217
0 371769
1218
0 1172298
1219
0 1498308
1220
0 1714932
1221
0 1318862
1222
0 1608432
1223
0 1374787
1224
0 1820848
1225
0 1668887
1226
0 46943
1227
0 1863173
1228
0 1607420
1229
0 65193
1230
0 1859443
1231
0 835637
1232
0 528812
1233
0 272076
1234
0 1674177
1235
0 2597
1236
0 1511985
1237
0 919340
1238
0 1964601
1239
0 1531654
1240
0 133362
1241
0 1384580
1242
0 1896934
1243
0 1587138
1244
0 1792039
1245
0 1666120
1246
0 12941
1247
0 1779636
1248
0 333954
1249
0 1490567
1250
0 64699
1251
0 1563959
1252
1 1581910
0 1585446
1253
0 1824660
1254
0 1245668
1255
0 172089
1256
0 778935
1257
0 9319
1258
0 1863337
1259
0 62407
1260
0 244122
1261
0 2037765
1262
0 1169440
1263
0 1678450
1264
0 2001188
1265
0 1278147
1266
0 496220
1267
0 323586
1268
0 1781454
1269
0 1293934
1270
0 1849738
1271
0 1277595
1272
0 1155960
1273
0 1456910
1274
0 1108750
1275
0 878129
1276
0 1427227
1277
0 748522
1278
0 1118854
1279
0 39458
1280
0 1100305
1281
0 353696
1282
0 201843
1283
0 1444585
1284
0 1641758
1285
0 1499928
1286
0 1641353
1287
0 258729
1288
0 1708058
1289
0 950811
1290
0 800481
1291
0 1368243
1292
0 485977
1293
0 43003
1294
0 672840
1295
0 778151
1296
0 315222
1297
0 1231432
1298
0 790182
1299
0 1326602
1300
0 297880
1301
0 1240578
1302
0 2060749
1303
0 2037721
1304
0 174468
1305
0 657836
1306
0 511911
1307
0 1008226
1308
0 1105111
1309
0 37100
1310
0 182745
1311
0 1078880
1312
0 1176263
1313
0 388442
1314
0 423306
1315
0 927717
1316
0 522356
1317
0 443672
1318
0 498859
1319
0 1552495
1320
0 1498879
1321
0 4250
1322
0 982279
1323
0 555494
1324
0 555506
1325
0 2001413
1326
0 733870
1327
0 70938
1328
0 1746267
1329
0 210719
1330
0 970640
1331
0 1973948
1332
0 96135
1333
0 1456120
1334
0 1554339
1335
0 1641906
1336
0 1277811
1337
0 460476
1338
0 2060643
1339
0 802471
1340
0 482125
1341
0 608410
1342
0 1047985
1343
0 1275112
1344
0 1294826
1345
0 380044
1346
0 322852
1347
0 2045757
1348
0 1937599
1349
0 271596
1350
0 1102125
1351
0 1877317
1352
0 1100051
1353
0 1366740
1354
0 1508146
1355
0 492375
1356
0 1553723
1357
0 1895500
1358
0 1428941
1359
0 710580
1360
0 2068598
1361
0 1559016
1362
0 1652018
1363
0 363362
1364
0 596855
1365
0 1408972
1366
0 971441
1367
0 1247434
1368
0 185621
1369
0 310572
1370
0 1557782
1371
0 858481
1372
0 429662
1373
0 1327757
1374
0 1505555
1375
0 1948449
1376
0 1577549
1377
0 866397
1378
0 1314323
1379
0 1436050
1380
0 795226
1381
0 516533
1382
0 271627
1383
0 1486078
1384
0 1397414
1385
0 1630886
1386
0 1749434
1387
0 507849
1388
0 1054526
1389
0 1668338
1390
0 456838
1391
0 954438
1392
0 1919426
1393
0 2028238
1394
0 343320
1395
0 1915770
1396
0 1328000
1397
0 2063933
1398
0 493522
1399
0 1666569
1400
0 1790843
1401
0 1396847
1402
0 1079696
1403
0 548905
1404
0 1408036
1405
0 848201
1406
0 1580928
1407
0 1001461
1408
0 1656163
1409
0 1586735
1410
0 971382
1411
0 1690028
1412
0 74811
1413
0 1987371
1414
0 135401
1415
0 597712
1416
0 991638
1417
0 179532
1418
0 1499608
1419
0 1121189
1420
0 1982452
1421
0 1436844
1422
0 1204147
1423
0 366275
1424
0 202862
1425
0 728737
1426
0 900082
1427
0 646183
1428
0 171185
1429
0 586435
1430
0 779526
1431
0 1264601
1432
0 126480
1433
0 1332712
1434
0 1386659
1435
0 716682
1436
0 1069976
1437
0 475266
1438
0 918338
1439
0 936092
1440
0 1224805
1441
0 1865434
1442
0 1337093
1443
0 1048286
1444
0 772843
1445
0 1965976
1446
0 339224
1447
0 1853806
1448
0 86924
1449
0 125982
1450
0 1560238
1451
0 193751
1452
0 223280
1453
0 5103
1454
0 1361735
1455
0 230634
1456
0 480806
1457
0 28036
1458
0 2097050
1459
0 703734
1460
0 1667810
1461
0 1803197
1462
0 1102272
1463
0 1620511
1464
0 661916
1465
0 2082646
1466
0 843344
1467
0 62212
1468
0 1086600
1469
0 384524
1470
0 866883
1471
0 966368
1472
0 710254
1473
0 1838624
1474
0 323162
1475
0 1317780
1476
0 1301486
1477
0 1458518
1478
0 838254
1479
0 1659444
1480
0 240585
1481
0 1457626
1482
0 634114
1483
0 839447
1484
0 2027848
1485
0 2000022
1486
0 1899251
1487
0 41086
1488
0 9924
1489
0 1255528
1490
0 919383
1491
0 1127104
1492
0 195649
1493
0 421655
1494
0 1686018
1495
0 1893948
1496
0 769193
1497
0 1138603
1498
0 1859152
1499
0 2069283
1500
0 1004553
1501
0 1454574
1502
0 1892229
1503
0 1362275
1504
0 642159
1505
0 1389801
1506
0 726634
1507
0 186224
1508
0 762899
1509
0 1215514
1510
0 1192337
1511
0 2026474
1512
0 1596404
1513
0 505599
1514
0 1123987
1515
0 540022
1516
0 871805
1517
0 1192957
1518
0 706680
1519
0 54742
1520
0 1307592
1521
0 1011500
1522
0 1999346
1523
0 86960
1524
0 173902
1525
0 273606
1526
0 1227305
1527
0 1752709
1528
0 1325520
1529
0 900651
1530
0 1386173
1531
0 1731210
1532
0 703265
1533
0 178879
1534
0 1610565
1535
0 974359
1536
0 893249
1537
0 1524617
1538
0 1042101
1539
0 991604
1540
0 1723730
1541
0 884229
1542
0 1695304
1543
0 178118
1544
0 471697
1545
0 1638654
1546
0 1349654
1547
0 866708
1548
0 1944606
1549
0 774521
1550
0 1227713
1551
0 800754
1552
0 298256
1553
0 1789393
1554
0 614561
1555
0 865987
1556
0 1566924
1557
0 1131491
1558
0 1643648
1559
0 561231
1560
0 2010217
1561
0 575114
1562
0 833954
1563
0 20155
1564
0 1389556
1565
0 866954
1566
0 2013090
1567
0 1026188
1568
0 1876481
1569
0 2022466
1570
0 1091733
1571
0 1596480
1572
0 1758704
1573
0 121724
1574
0 1582862
1575
0 694646
1576
0 5240
1577
0 824522
1578
0 1901756
1579
0 1383794
1580
0 911525
1581
0 769881
1582
0 322284
1583
1 211286
0 214687
1584
0 1495054
1585
0 1860585
1586
0 457847
1587
0 302256
1588
0 1273429
1589
0 480234
1590
0 912630
1591
0 1411412
1592
0 343945
1593
0 21241
1594
0 635386
1595
0 1715171
1596
0 1298446
1597
0 211264
1598
0 243335
1599
0 879421
1600
0 1102767
1601
0 189419
1602
0 713060
1603
0 1733736
1604
0 2050196
1605
0 322970
1606
0 419188
1607
0 1915945
1608
0 789581
1609
0 1154424
1610
0 175704
1611
0 344207
1612
0 347483
1613
0 495446
1614
0 1240243
1615
0 799324
1616
0 1845704
1617
0 1531965
1618
0 1182606
1619
0 1402923
1620
0 1834208
1621
0 1855200
1622
0 326305
1623
0 1823303
1624
0 43348
1625
0 387129
1626
0 30797
1627
0 1415589
1628
0 982500
1629
0 1172910
1630
0 209639
1631
0 523173
1632
0 1284656
1633
0 1825140
1634
0 821166
1635
0 1558218
1636
0 1032914
1637
0 1992743
1638
0 1151836
1639
0 1889973
1640
0 1898730
1641
0 987480
1642
0 1200854
1643
0 329710
1644
0 1005865
1645
0 1643278
1646
0 1113590
1647
0 1419712
1648
0 1264688
1649
0 82298
1650
0 252587
1651
0 417504
1652
0 215208
1653
0 1965228
1654
0 1650301
1655
0 1565580
1656
0 129496
1657
0 908752
1658
0 26549
1659
0 1968066
1660
0 351591
1661
0 1728304
1662
0 164214
1663
0 718363
1664
0 606898
1665
0 681938
1666
0 937042
1667
0 1539454
1668
0 2090087
1669
0 1112981
1670
0 332443
1671
0 683635
1672
0 516390
1673
0 1866792
1674
0 849506
1675
0 1663113
