0
0 212809
1
0 460508
2
0 17427
3
0 2067848
4
0 763417
5
0 124858
6
0 564871
7
0 1115538
8
0 774361
9
0 124485
10
0 1822727
11
0 14673
12
0 2052478
13
0 672415
14
0 1957110
15
0 360784
16
0 1112434
17
0 1696763
18
0 2030354
19
0 508602
20
0 2094484
21
0 881224
22
0 644135
23
0 966786
24
0 1954128
25
0 1689712
26
0 1913165
27
0 307404
28
0 562731
29
0 49664
30
0 1880024
31
0 624180
32
0 1755272
33
0 1327331
34
0 489336
35
0 340837
36
0 1235458
37
0 1384620
38
0 1858700
39
0 1026209
40
0 805897
41
0 1843381
42
0 341251
43
0 1903973
44
0 762930
45
1 1496458
0 1499430
46
0 1941771
47
0 1637371
48
0 1140850
49
0 1082405
50
0 668733
51
0 839183
52
0 833792
53
0 1185052
54
0 1247391
55
0 1208510
56
0 102169
57
0 1563321
58
0 339787
59
0 613526
60
0 1152909
61
0 974432
62
0 578816
63
0 1588960
64
0 1381739
65
0 285018
66
0 1790333
67
0 1438154
68
0 397171
69
0 31255
70
0 1496236
71
0 663363
72
0 1899544
73
0 2078603
74
1 1764521
0 1767778
75
0 1593246
76
0 1901710
77
0 584447
78
0 749541
79
0 1265235
80
0 1771841
81
0 848360
82
1 1655206
0 1658232
83
0 218119
84
0 2006177
85
0 721559
86
0 739892
87
0 1389770
88
0 2086486
89
0 371600
90
0 950682
91
0 12977
92
0 1100423
93
0 1196619
94
0 1535262
95
0 1057684
96
0 617685
97
0 1025486
98
0 903073
99
0 312572
100
0 1212492
101
0 1958107
102
0 1748166
103
0 1809792
104
0 1975902
105
0 1732208
106
0 1613663
107
0 630824
108
0 949450
109
0 211511
110
0 1682516
111
0 1354075
112
0 512535
113
0 1687863
114
1 1311090
0 1314379
115
0 1102932
116
0 290720
117
0 299090
118
0 186621
119
1 1770043
0 1773047
120
0 1726845
121
0 1216236
122
0 543349
123
0 177264
124
0 1139689
125
0 1704519
126
0 414032
127
0 39139
128
0 2066862
129
0 1662191
130
0 1209032
131
0 845705
132
0 1765643
133
0 445543
134
0 1482505
135
0 1239842
136
0 288311
137
0 802704
138
0 306904
139
0 1288104
140
0 26421
141
0 437857
142
0 334952
143
0 1505398
144
0 1046041
145
0 1053035
146
0 1343021
147
0 123159
148
0 566591
149
0 2025155
150
0 2002990
151
0 142456
152
1 1562585
0 1565652
153
0 620886
154
0 1689229
155
0 822391
156
0 1045702
157
0 87900
158
0 1371465
159
0 424310
160
1 258566
0 261529
161
0 1001311
162
0 596147
163
0 157052
164
0 2020616
165
0 1299265
166
0 515714
167
0 1044178
168
0 1430426
169
0 1834278
170
0 1006693
171
0 63952
172
0 942647
173
0 1691018
174
0 847281
175
0 2065012
176
0 1878717
177
0 1713211
178
0 883964
179
0 1737137
180
0 496957
181
0 844521
182
0 836012
183
0 1717405
184
0 1246038
185
0 1977363
186
1 340785
0 344224
187
0 100410
188
0 50408
189
0 1907433
190
0 860428
191
0 1426552
192
0 365146
193
0 168370
194
0 703948
195
0 1867092
196
0 1355624
197
0 1924924
198
0 1752504
199
0 842070
200
0 1135952
201
0 1278103
202
0 59510
203
0 1540056
204
0 308905
205
0 91290
206
0 259474
207
0 1253339
208
0 1421225
209
0 1094576
210
0 1660306
211
0 17939
212
1 1081594
0 1084520
213
0 422538
214
0 1911353
215
1 268777
0 271758
216
0 1313434
217
0 1598429
218
0 926659
219
0 1782088
220
0 1016477
221
0 1223871
222
0 1519432
223
0 577107
224
0 1748795
225
0 548437
226
0 144029
227
0 293236
228
0 125186
229
0 36242
230
0 1114194
231
0 1611002
232
0 1316157
233
0 1562634
234
1 1705394
0 1708666
235
0 712876
236
0 1935278
237
0 861061
238
0 1891796
239
0 2012761
240
0 381487
241
0 2027691
242
0 1156657
243
0 1172701
244
0 1429466
245
0 1626736
246
0 1532524
247
0 1400609
248
0 1011480
249
0 514689
250
0 801515
251
0 520248
252
0 488154
253
0 625654
254
0 1287387
255
0 1406668
256
0 1781952
257
0 549922
258
0 975122
259
0 421740
260
0 1881019
261
0 1557966
262
0 1852627
263
0 444850
264
0 2046180
265
0 502372
266
0 2048547
267
1 459974
0 463142
268
0 726921
269
0 1352172
270
0 1511024
271
0 360824
272
0 473670
273
0 82595
274
0 99438
275
0 593530
276
0 677607
277
0 1315986
278
0 2015222
279
0 1771177
280
0 311570
281
0 1369045
282
0 1566974
283
0 1025588
284
0 613100
285
0 1487399
286
0 1072699
287
0 383127
288
0 28149
289
0 748438
290
0 482105
291
0 300311
292
0 865015
293
0 1234096
294
0 1817607
295
0 1045229
296
0 670351
297
1 1197115
0 1200618
298
0 360567
299
0 771156
300
0 492382
301
0 1587152
302
0 120421
303
0 2083457
304
0 187810
305
0 1731936
306
0 60599
307
0 1854877
308
0 937847
309
0 155170
310
0 1013007
311
0 1264823
312
0 1924802
313
0 1300637
314
0 808288
315
0 949593
316
1 1214985
0 1218165
317
0 218497
318
0 1314344
319
0 1568712
320
0 536559
321
0 43342
322
0 1543853
323
0 561754
324
0 381373
325
0 1463833
326
0 904955
327
0 1911685
328
0 788635
329
0 1278934
330
0 572117
331
0 1838517
332
0 1403604
333
0 1580039
334
0 306143
335
0 1706278
336
0 2027776
337
0 343170
338
0 1571298
339
1 447784
0 450777
340
1 900233
0 903359
341
0 1716954
342
0 1494260
343
0 158314
344
0 1865629
345
0 1223706
346
0 262616
347
0 1244203
348
0 396479
349
1 57090
0 60213
350
0 1823196
351
0 1825723
352
0 1851834
353
0 1427885
354
0 357301
355
0 1562114
356
0 333317
357
0 169914
358
0 553993
359
0 514344
360
0 1784812
361
0 497365
362
0 1325416
363
0 391383
364
0 423112
365
0 1829448
366
0 1611167
367
0 1951552
368
0 1612289
369
0 1240853
370
0 1172742
371
1 666054
0 669285
372
0 1414924
373
0 1961779
374
0 2071056
375
0 194312
376
0 1613705
377
0 1664968
378
0 431665
379
0 240786
380
0 1813525
381
0 1175871
382
0 1416478
383
0 1554563
384
0 507715
385
0 2017042
386
0 1562000
387
0 1313205
388
0 1551520
389
0 1720356
390
0 2052962
391
0 286775
392
0 472632
393
0 202952
394
0 208606
395
0 169388
396
0 671347
397
0 1584759
398
0 644635
399
0 1292190
400
0 992061
401
0 1735272
402
0 1721257
403
0 1090932
404
0 1424244
405
0 1650463
406
0 1522066
407
0 1351466
408
0 1207134
409
0 1229160
410
0 1637076
411
0 1683356
412
0 1910413
413
0 2036880
414
0 1959336
415
0 1471682
416
0 2059610
417
0 132619
418
0 1554674
419
0 1299308
420
0 1320664
421
0 458098
422
0 1422851
423
0 799490
424
0 1811063
425
0 739080
426
0 147406
427
0 536338
428
0 670073
429
0 597559
430
0 775561
431
0 1556245
432
0 1490825
433
0 1503796
434
0 90080
435
0 1378050
436
0 1917495
437
0 149610
438
0 435600
439
0 120304
440
0 1789128
441
0 998579
442
0 406141
443
0 172997
444
0 1922103
445
0 604687
446
0 435947
447
0 311749
448
0 124021
449
0 425967
450
0 1421999
451
0 1118467
452
0 1131100
453
0 1875308
454
0 58671
455
0 1130276
456
0 1021412
457
0 1744158
458
0 433549
459
0 599924
460
0 1845388
461
1 263112
0 266099
462
0 849595
463
0 97756
464
0 1724079
465
0 1063418
466
0 718966
467
0 414239
468
0 238390
469
0 1086408
470
0 1254169
471
0 1778558
472
0 1309867
473
0 568612
474
0 163771
475
0 1819640
476
0 955730
477
0 469886
478
0 558368
479
0 1001186
480
0 13943
481
0 740319
482
0 1268728
483
1 158927
0 162169
484
0 456269
485
0 570282
486
0 474001
487
0 378904
488
0 431729
489
0 982732
490
0 919988
491
0 1071873
492
0 1683809
493
0 1181652
494
0 1531148
495
0 1302088
496
0 2032752
497
0 749284
498
0 551183
499
0 308923
500
0 392327
501
0 1152978
502
0 1597006
503
1 174783
0 178012
504
0 1022862
505
0 450594
506
0 225198
507
0 1231776
508
0 2092960
509
0 110572
510
0 1509277
511
0 16023
512
0 317168
513
0 1929223
514
0 1345104
515
0 556748
516
1 883505
0 886494
517
0 1636531
518
0 1267044
519
0 1799122
520
0 879281
521
0 457716
522
0 1778597
523
0 294034
524
0 394732
525
0 388742
526
1 1099771
0 1103075
527
0 1963909
528
0 1404521
529
0 1539948
530
0 272524
531
0 531780
532
0 1016780
533
0 1642640
534
0 1571149
535
1 162426
0 165356
536
0 236360
537
0 721658
538
0 361009
539
0 239374
540
0 1091878
541
0 717190
542
0 571985
543
0 548564
544
0 1441174
545
0 534510
546
0 903729
547
0 1266522
548
0 678577
549
0 1517820
550
0 764980
551
0 960913
552
0 228554
553
0 815667
554
0 1075001
555
0 1576893
556
0 1821180
557
0 782432
558
0 1006925
559
1 100465
0 103670
560
0 1659937
561
0 1101896
562
0 1342196
563
0 1463168
564
0 425868
565
0 776837
566
0 1947340
567
0 146722
568
0 365274
569
0 779365
570
0 1050974
571
0 1906693
572
0 1139160
573
0 185736
574
0 2056020
575
0 223173
576
0 311242
577
0 1905329
578
0 1411660
579
0 1714994
580
0 1483307
581
0 1471069
582
0 86151
583
0 1431725
584
0 1989149
585
0 226208
586
0 607102
587
0 916180
588
1 1469735
0 1472937
589
1 2007148
0 2010584
590
1 1766027
0 1769644
591
0 17810
592
0 1380880
593
0 1716855
594
0 1239316
595
1 1962437
0 1965480
596
0 749389
597
0 816730
598
0 141888
599
0 1278310
600
0 900470
601
0 235560
602
0 324008
603
0 1478747
604
0 486754
605
0 1809718
606
0 21591
607
0 649586
608
0 1529001
609
0 1418404
610
0 1514231
611
0 1157267
612
0 1357453
613
0 1884469
614
0 1977806
615
0 1999983
616
0 75264
617
0 677910
618
0 21073
619
0 781233
620
0 827033
621
0 700323
622
0 84268
623
0 791683
624
0 1032947
625
0 1039872
626
0 488346
627
0 976003
628
0 847042
629
0 929342
630
0 890697
631
0 816524
632
0 1945297
633
0 800425
634
0 735189
635
0 1799158
636
0 1631641
637
0 1695342
638
1 1744274
0 1747204
639
0 1635628
640
0 1726767
641
0 69036
642
0 1345444
643
0 208266
644
0 1197173
645
0 1527955
646
0 827137
647
0 1109051
648
0 101299
649
0 337806
650
0 52841
651
0 1162476
652
0 1178572
653
0 988321
654
0 1719875
655
0 802450
656
0 686920
657
1 1147051
0 1150005
658
0 1798760
659
0 126569
660
0 429492
661
0 373815
662
0 1524009
663
0 1113651
664
0 582959
665
0 1251887
666
0 332642
667
0 527556
668
0 1149788
669
0 1364338
670
0 1645307
671
0 1448329
672
0 77720
673
0 1825740
674
0 1270291
675
0 1350760
676
0 116640
677
0 1268420
678
0 608128
679
0 1230009
680
0 1025439
681
0 947372
682
1 1522002
0 1525281
683
0 1409584
684
0 1100357
685
0 1142309
686
0 555430
687
1 1716150
0 1719310
688
0 1176600
689
0 536505
690
0 1527996
691
0 1464870
692
0 1368231
693
0 847807
694
0 1099639
695
0 1220777
696
0 1013917
697
0 834420
698
1 588459
0 591582
699
0 1891032
700
0 2007945
701
0 239510
702
0 1364866
703
0 1839094
704
0 503245
705
0 798221
706
0 1131623
707
0 1698118
708
0 17247
709
0 331670
710
0 1314180
711
0 2909
712
0 459754
713
0 965136
714
0 1504594
715
0 1586019
716
1 834745
0 837721
717
0 427848
718
0 1526265
719
0 1913593
720
0 1724215
721
0 1812393
722
0 242795
723
0 898
724
0 250207
725
0 398690
726
0 635938
727
0 672562
728
0 472989
729
0 1572329
730
0 59075
731
0 1449088
732
0 483292
733
0 2083873
734
0 1116959
735
0 414815
736
0 2081949
737
0 1587464
738
0 1362223
739
0 1958993
740
0 360650
741
0 1755860
742
0 1946324
743
1 338520
0 341634
744
0 1940060
745
0 1460039
746
0 1005640
747
0 1239155
748
0 502180
749
0 837565
750
0 1281297
751
0 648018
752
0 299632
753
0 1838674
754
0 861243
755
0 1879127
756
0 1623132
757
0 1498854
758
0 1836966
759
0 2035784
760
0 1750350
761
0 707024
762
0 945180
763
1 959995
0 962968
764
0 62164
765
0 1273682
766
0 1312369
767
0 285066
768
1 428430
0 431817
769
0 75117
770
0 1974483
771
0 197891
772
0 909550
773
0 2055693
774
0 1328016
775
0 20886
776
0 1324223
777
0 308086
778
0 1419823
779
0 559446
780
0 1247974
781
0 520806
782
0 1105187
783
0 1612790
784
0 805262
785
0 208565
786
0 1869540
787
0 804458
788
0 101882
789
0 1771314
790
0 662409
791
0 707525
792
0 475758
793
0 931895
794
0 926353
795
0 246500
796
0 1951949
797
0 835956
798
0 1950872
799
0 1772635
800
0 934869
801
0 2039557
802
0 744564
803
0 54356
804
0 1447655
805
0 889764
806
0 340713
807
0 180993
808
0 770372
809
0 911631
810
1 1968295
0 1971241
811
0 1883972
812
1 808199
0 811480
813
0 1611257
814
0 13790
815
0 1279773
816
0 384418
817
0 2067592
818
0 432113
819
0 373617
820
0 2049254
821
0 1578655
822
0 912965
823
0 1413175
824
0 1811319
825
0 1408795
826
0 1912138
827
1 1742495
0 1746210
828
0 702645
829
0 1202105
830
0 1841977
831
0 874703
832
0 1067572
833
0 1274181
834
0 1962559
835
0 828240
836
0 1267049
837
0 416836
838
0 1071199
839
0 996350
840
0 198679
841
0 2056305
842
0 77795
843
0 2055370
844
0 882126
845
0 50294
846
0 1893632
847
0 1644672
848
0 194215
849
0 258246
850
0 723722
851
0 1028430
852
0 1005458
853
0 412637
854
0 856392
855
0 960764
856
0 1799790
857
0 1062451
858
0 160592
859
0 711741
860
0 75319
861
1 176249
0 179678
862
0 1587189
863
0 849449
864
1 1560337
0 1563297
865
0 1620116
866
0 463454
867
0 1376778
868
0 1146973
869
0 170996
870
0 419870
871
0 758612
872
0 1089286
873
0 703452
874
0 1035185
875
0 659053
876
0 50096
877
0 736977
878
0 755733
879
0 1089071
880
0 1037847
881
0 376850
882
0 1425037
883
0 1526932
884
0 1433413
885
0 1796663
886
1 1124707
0 1127682
887
0 1908436
888
0 212473
889
0 416145
890
0 1298551
891
0 133283
892
0 2012733
893
0 20678
894
0 1218796
895
0 55821
896
0 93480
897
0 2074906
898
0 1681565
899
0 797991
900
0 1858519
901
0 135047
902
0 303183
903
0 1548527
904
0 98724
905
0 1850030
906
0 1055561
907
0 928620
908
0 1876834
909
0 1575726
910
0 1144365
911
0 1524467
912
0 903322
913
0 510888
914
0 1889631
915
1 36181
0 39254
916
1 1390884
0 1394347
917
0 1763849
918
0 2052900
919
0 39267
920
0 224195
921
0 1716207
922
0 1397461
923
0 621633
924
0 2001030
925
0 2056022
926
0 1889242
927
0 957912
928
0 1118381
929
0 593215
930
0 206568
931
1 1080295
0 1083273
932
0 325371
933
1 1816536
0 1819550
934
0 725906
935
0 118976
936
0 202525
937
0 2020920
938
0 963619
939
0 1015319
940
0 1164009
941
1 892108
0 895448
942
0 463695
943
0 1366845
944
0 1450855
945
0 1753801
946
0 491862
947
0 1622195
948
0 154701
949
0 1107947
950
0 1168090
951
0 1597566
952
0 155283
953
0 429908
954
0 2007600
955
0 1686576
956
0 663702
957
0 752437
958
0 1129390
959
0 177787
960
0 285400
961
0 124796
962
0 1745236
963
0 203963
964
0 895114
965
0 2017451
966
0 1444001
967
0 1153188
968
0 161196
969
0 1579525
970
0 396038
971
0 1727505
972
0 1285329
973
0 873180
974
0 1785532
975
0 935514
976
0 769642
977
0 2062633
978
0 1243173
979
0 337384
980
0 1683497
981
0 169888
982
0 1728817
983
0 1324098
984
0 1216251
985
0 1452964
986
0 816446
987
0 2033910
988
0 1558710
989
0 1793843
990
0 141734
991
0 312460
992
0 742319
993
0 681629
994
0 363035
995
0 476090
996
0 146130
997
0 727954
998
1 613852
0 616953
999
0 361812
1000
0 895065
1001
0 995156
1002
1 1455897
0 1459335
1003
0 1578857
1004
0 621168
1005
0 1954565
1006
0 1397414
1007
0 504298
1008
0 271364
1009
0 1029356
1010
0 1720473
1011
0 1107581
1012
0 597425
1013
0 1302793
1014
0 1950134
1015
0 1720880
1016
0 1946165
1017
0 1732009
1018
0 942473
1019
0 1395168
1020
0 654334
1021
0 914533
1022
0 501879
1023
1 1923528
0 1926608
1024
0 988112
1025
0 901035
1026
0 1852973
1027
0 1262506
1028
0 1136386
1029
0 1619197
1030
0 1827635
1031
0 401685
1032
0 853014
1033
0 203933
1034
0 281699
1035
0 778528
1036
0 1759676
1037
0 1924924
1038
0 883055
1039
0 1800332
1040
0 1057605
1041
0 738449
1042
0 1451490
1043
0 1044600
1044
0 1405738
1045
0 1441297
1046
0 2005515
1047
0 1361999
1048
0 565686
1049
0 398509
1050
0 600701
1051
0 738982
1052
0 633173
1053
0 807332
1054
0 2009356
1055
0 870701
1056
0 1431174
1057
0 1366748
1058
0 690668
1059
0 1977549
1060
0 1403099
1061
0 2063474
1062
0 715399
1063
0 1636178
1064
0 1802407
1065
0 499841
1066
0 1739571
1067
0 1808547
1068
0 1571687
1069
0 1726431
1070
0 1610510
1071
0 1455031
1072
0 1735962
1073
0 714345
1074
0 1683607
1075
1 958015
0 961229
1076
0 1028082
1077
0 612528
1078
0 1765255
1079
0 1883940
1080
0 400221
1081
0 1543708
1082
0 1736879
1083
0 1087989
1084
0 1094734
1085
1 1206422
0 1209430
1086
0 1602574
1087
0 1483948
1088
0 1021190
1089
0 611398
1090
0 767603
1091
0 1841780
1092
0 1421510
1093
0 1770999
1094
0 1741101
1095
0 811255
1096
0 836837
1097
0 1148908
1098
0 1412588
1099
0 1012864
1100
0 1425985
1101
0 128830
1102
0 1464738
1103
0 1252120
1104
0 535668
1105
0 1236078
1106
0 364841
1107
0 820437
1108
0 1997429
1109
0 1160592
1110
0 292627
1111
1 1870245
0 1873246
1112
0 1728387
1113
0 629917
1114
0 1357119
1115
0 1738582
1116
0 29330
1117
0 639255
1118
0 750021
1119
0 521542
1120
0 2016359
1121
0 811933
1122
0 373784
1123
1 623657
0 626618
1124
0 856767
1125
0 1815369
1126
0 688084
1127
0 665109
1128
1 681129
0 684326
1129
0 1844207
1130
0 159513
1131
0 993528
1132
1 1993081
0 1996258
1133
0 1045944
1134
0 1273686
1135
0 1691932
1136
0 708193
1137
0 1582997
1138
1 436681
0 439668
1139
0 540685
1140
0 12851
1141
0 1104899
1142
0 1627376
1143
0 8771
1144
0 1836518
1145
0 515583
1146
0 670964
1147
0 311024
1148
0 1781289
1149
0 1173680
1150
0 34860
1151
0 529116
1152
0 902243
1153
0 172993
1154
0 297900
1155
0 649759
1156
0 379894
1157
0 1746197
1158
0 1505373
1159
1 34676
0 37665
1160
0 1906555
1161
0 267732
1162
1 1947263
0 1950440
1163
0 1954290
1164
0 176961
1165
1 1168146
0 1171257
1166
0 80661
1167
0 1019976
1168
0 1777517
1169
0 442236
1170
0 1904795
1171
0 2030322
1172
0 23811
1173
0 1713801
1174
0 225463
1175
0 1361463
1176
0 1367020
1177
0 1266573
1178
0 1414874
1179
0 84208
1180
0 335188
1181
0 710196
1182
0 1719674
1183
0 1154321
1184
0 1860569
1185
0 228259
1186
0 218333
1187
0 499580
1188
0 46438
1189
0 1505495
1190
0 29120
1191
1 547558
0 550538
1192
0 1328860
1193
0 407731
1194
0 314202
1195
0 1798276
1196
0 1303327
1197
0 232975
1198
0 327363
1199
0 78392
1200
0 2080437
1201
0 1514924
1202
0 904694
1203
0 1582656
1204
0 322846
1205
0 1159347
1206
0 1433104
1207
0 1283763
1208
0 2091687
1209
0 474931
1210
0 1591307
1211
0 896256
1212
0 566048
1213
0 1363354
1214
0 660680
1215
0 962781
1216
0 907211
1217
0 1104559
1218
0 1118404
1219
0 1825382
1220
0 91482
1221
0 338988
1222
0 1820713
1223
0 1487021
1224
0 1799139
1225
0 620065
1226
0 840128
1227
0 640764
1228
1 895137
0 898074
1229
0 1241368
1230
0 1662557
1231
0 911273
1232
0 1219255
1233
0 1390992
1234
0 948204
1235
0 612190
1236
0 912059
1237
0 363556
1238
0 353225
1239
0 1631728
1240
0 1194642
1241
1 477566
0 481170
1242
0 1176319
1243
0 586094
1244
0 2005955
1245
0 1243414
1246
0 997698
1247
0 1239902
1248
0 1755963
1249
0 66186
1250
0 135458
1251
0 87664
1252
0 1210714
1253
0 779080
1254
0 420801
1255
0 1954629
1256
0 1072930
1257
0 1559020
1258
0 1544467
1259
0 1144071
1260
0 394514
1261
0 792207
1262
0 1957923
1263
0 745283
1264
1 35078
0 38053
1265
0 1704396
1266
0 1661042
1267
0 1602115
1268
1 1908223
0 1911193
1269
0 1276820
1270
0 560305
1271
0 1543247
1272
1 1773454
0 1776419
1273
0 937552
1274
0 1144525
1275
0 1555129
1276
0 1197396
1277
0 475632
1278
0 1593820
1279
1 1886072
0 1889034
1280
0 1119058
1281
0 619581
1282
0 1394740
1283
0 1806017
1284
0 2033509
1285
0 1060551
1286
0 2043374
1287
1 1940083
0 1943346
1288
0 1452125
1289
0 706714
1290
0 1790389
1291
0 950870
1292
0 963648
1293
0 1164983
1294
0 1325940
1295
0 1296530
1296
0 1686105
1297
0 1225792
1298
0 1631485
1299
0 1490243
1300
0 1326313
1301
0 359595
1302
0 720912
1303
0 1695429
1304
1 1337983
0 1341367
1305
0 493058
1306
0 2040782
1307
0 78602
1308
0 118926
1309
0 476351
1310
0 273149
1311
0 61514
1312
0 536330
1313
0 1903040
1314
0 155324
1315
0 365960
1316
1 705526
0 708320
1317
0 811871
1318
0 331019
1319
0 66803
1320
0 630175
1321
0 1584024
1322
0 3339
1323
0 891925
1324
0 1161215
1325
1 2061802
0 2064813
1326
0 2035098
1327
0 578366
1328
0 1463861
1329
0 349208
1330
0 1604453
1331
0 1284969
1332
0 549675
1333
0 645410
1334
0 850579
1335
0 1477026
1336
0 1638335
1337
0 1070729
1338
0 263196
1339
0 579560
1340
0 653129
1341
0 1936346
1342
0 919344
1343
0 636090
1344
0 11452
1345
0 1737752
1346
0 296629
1347
0 1681882
1348
0 1281478
1349
0 439796
1350
0 1754625
1351
0 1804825
1352
0 2005190
1353
0 962028
1354
0 852573
1355
0 1371773
1356
0 1301411
1357
0 1033841
1358
0 846422
1359
0 1396955
1360
0 223258
1361
1 1007163
0 1010380
1362
0 813923
1363
1 1912718
0 1915534
1364
0 295510
1365
0 297398
1366
0 1166040
1367
0 1005473
1368
0 1867480
1369
0 1485614
1370
0 426236
1371
0 1076741
1372
0 1414889
1373
0 189235
1374
0 599176
1375
0 865815
1376
0 330064
1377
0 2084797
1378
0 1055407
1379
0 197058
1380
0 1556882
1381
0 1610154
1382
0 360074
1383
0 1871807
1384
0 1631897
1385
1 1442362
0 1445474
1386
0 1662915
1387
0 583702
1388
0 1069819
1389
0 1296614
1390
0 343854
1391
0 1593624
1392
0 1032140
1393
0 544941
1394
0 835149
1395
0 618877
1396
0 1256600
1397
0 772074
1398
0 1844197
1399
0 52871
1400
0 717025
1401
0 1358870
1402
0 1633230
1403
0 445943
1404
0 536795
1405
0 953113
1406
0 1065225
1407
0 1205653
1408
0 919457
1409
0 1909072
1410
0 1227580
1411
0 524141
1412
0 1060557
1413
0 1461521
1414
0 199874
1415
0 302639
1416
0 1529827
1417
1 820337
0 823654
1418
1 1603263
0 1606540
1419
0 276964
1420
0 535052
1421
0 1292316
1422
0 1618421
1423
0 1334497
1424
0 368620
1425
1 528990
0 531971
1426
0 454386
1427
0 168946
1428
0 1370016
1429
1 1108627
0 1111919
1430
0 1054531
1431
0 218489
1432
0 429721
1433
0 927738
1434
0 359885
1435
0 1053020
1436
0 1466883
1437
0 1874275
1438
0 808469
1439
0 1332933
1440
0 790131
1441
0 519789
1442
0 1376585
1443
0 1353324
1444
0 136321
1445
0 208216
1446
1 178760
0 181765
1447
0 786336
1448
1 691802
0 694791
1449
0 1078108
1450
1 471501
0 474479
1451
0 1457793
1452
1 206842
0 209832
1453
0 1605371
1454
0 1972395
1455
0 534514
1456
0 1653157
1457
0 735443
1458
0 817562
1459
1 1797797
0 1800796
1460
0 2015991
1461
0 1953575
1462
0 632325
1463
0 1206328
1464
0 1638760
1465
0 1079371
1466
0 398172
1467
0 130875
1468
0 1628728
1469
0 252569
1470
0 983418
1471
0 1837173
1472
0 2012888
1473
0 1232131
1474
1 775474
0 778747
1475
0 2087783
1476
0 1546543
1477
0 1660931
1478
0 731948
1479
0 557147
1480
0 1363606
1481
0 6628
1482
0 1036959
1483
0 2061208
1484
0 976741
1485
0 1865486
1486
0 934270
1487
0 1779327
1488
0 116452
1489
0 1508552
1490
0 1282178
1491
0 1098054
1492
0 1837211
1493
0 848782
1494
0 436543
1495
0 1939909
1496
0 446166
1497
0 1167616
1498
0 335501
1499
0 738411
1500
1 405900
0 408972
1501
1 956711
0 959686
1502
0 357608
1503
0 1616384
1504
0 761081
1505
0 606731
1506
0 330243
1507
0 871841
1508
0 79115
1509
0 833418
1510
0 571340
1511
0 1336390
1512
0 368053
1513
0 241225
1514
0 1176524
1515
0 1716132
1516
0 1456658
1517
0 1539418
1518
0 122825
1519
0 345078
1520
0 819615
1521
0 1921218
1522
0 796660
1523
0 681673
1524
0 1805031
1525
0 1026992
1526
0 712136
1527
0 1417395
1528
0 1322140
1529
0 200743
1530
0 1849665
1531
0 1394286
1532
0 869307
1533
0 241374
1534
0 1414862
1535
0 1968156
1536
0 748385
1537
0 157122
1538
0 1773632
1539
1 461367
0 464884
1540
0 2009311
1541
0 111097
1542
0 2028616
1543
0 1210095
1544
0 434355
1545
0 1428291
1546
0 78482
1547
0 890211
1548
0 639088
1549
0 1374089
1550
0 809753
1551
1 532610
0 535580
1552
0 423130
1553
0 898867
1554
0 1302767
1555
0 1576940
1556
0 851841
1557
0 2053148
1558
0 554805
1559
0 2000873
1560
0 1648573
1561
0 1840754
1562
0 1837204
1563
0 1340731
1564
0 949041
1565
0 707977
1566
0 1370757
1567
0 1881755
1568
0 29029
1569
0 1593177
1570
0 402389
1571
0 398050
1572
0 161575
1573
0 1434209
1574
0 284030
1575
0 2095945
1576
0 1718080
1577
0 808184
1578
0 1045928
1579
0 2036545
1580
0 1357450
1581
0 1309078
1582
0 1081793
1583
0 638541
1584
0 1663662
1585
1 1459506
0 1462466
1586
0 1582123
1587
0 943354
1588
0 1208454
1589
0 518822
1590
0 1379629
1591
0 1235420
1592
0 1871728
1593
0 315807
1594
1 1060055
0 1063679
1595
0 1717471
1596
0 869068
1597
0 956710
1598
0 1268618
1599
0 1941833
1600
0 1884073
1601
0 960889
1602
0 453755
1603
0 1969594
1604
0 745529
1605
0 239768
1606
0 864387
1607
0 482119
1608
0 531792
1609
0 666939
1610
0 1687694
1611
0 1387392
1612
0 131698
1613
0 868892
1614
0 421853
1615
0 1137221
1616
0 1901138
1617
0 1419560
1618
0 965530
1619
0 822622
1620
0 1813582
1621
0 1750800
1622
0 2075525
1623
0 1633423
1624
0 479027
1625
1 866081
0 869060
1626
0 632481
1627
0 1499145
1628
0 62113
1629
0 106496
1630
0 324126
1631
1 1916638
0 1919885
1632
0 1401699
1633
0 1670482
1634
0 40589
1635
0 1069532
1636
0 251397
1637
0 326796
1638
0 960167
1639
0 820364
1640
0 2091310
1641
1 543077
0 546044
1642
0 1834550
1643
1 1768799
0 1771762
1644
0 1541549
1645
0 1204202
1646
0 1179020
1647
0 414156
1648
0 1162325
1649
0 306695
1650
0 364842
1651
1 1287695
0 1290807
1652
0 278760
1653
0 90427
1654
0 1703605
1655
0 516358
1656
0 1412349
1657
0 158255
1658
0 1189152
1659
0 797733
1660
0 1097997
1661
0 969926
1662
0 35770
1663
0 1707285
1664
0 845159
1665
0 1797055
1666
0 1946984
1667
0 852044
1668
0 1447976
1669
0 2094823
1670
0 1068090
1671
0 1760603
1672
0 988874
1673
0 1422800
1674
0 1623883
1675
0 53941
1676
0 461009
1677
0 416902
1678
0 442777
1679
0 968788
1680
0 11470
1681
0 563190
1682
0 256662
1683
0 389781
1684
0 1312102
1685
0 535531
1686
0 1098919
1687
0 1397564
1688
0 1052466
1689
0 1150697
1690
0 853730
1691
0 1855531
1692
0 151349
1693
0 453614
1694
1 1319021
0 1322593
1695
0 131381
1696
0 899884
1697
0 1320013
1698
0 676789
1699
0 984505
1700
0 425314
1701
0 141262
1702
0 1607589
1703
0 2005690
1704
0 1499491
1705
0 1834148
1706
0 1501061
1707
1 1110413
0 1113372
1708
0 153767
1709
0 1196765
1710
0 389270
1711
0 51506
1712
0 1892193
1713
0 1147761
1714
0 1984372
1715
0 1613947
1716
0 456425
1717
0 1946952
1718
0 787690
1719
0 1008198
1720
0 810612
1721
0 507675
1722
0 230479
1723
0 1804532
1724
0 108577
1725
0 1702622
1726
1 1070240
0 1073245
1727
0 1496745
1728
0 32647
1729
0 483826
1730
0 507956
1731
0 1147293
1732
0 444939
1733
0 91890
1734
0 1221515
1735
0 1681893
1736
0 1990680
1737
0 400417
1738
0 1221677
1739
0 1125966
1740
0 459890
1741
0 1386890
1742
0 2087393
1743
0 856080
1744
0 1369995
1745
0 1100204
1746
0 1984345
1747
0 845194
1748
0 454531
1749
0 183148
1750
0 2026898
1751
0 1468845
1752
0 2004769
1753
0 1015170
1754
0 1585662
1755
0 1506908
1756
1 736853
0 739922
1757
0 827356
1758
0 156248
1759
0 1293698
1760
0 822917
1761
0 964524
1762
0 399013
1763
0 1767816
1764
0 165344
1765
0 578150
1766
0 1568091
1767
0 1412332
1768
0 1425375
1769
0 1090546
1770
0 1356719
1771
0 1472049
1772
0 1643449
1773
0 1001424
1774
0 1403288
1775
0 771607
1776
0 621131
1777
0 1805037
1778
0 1550293
1779
0 153478
1780
0 1646148
1781
0 310595
1782
0 1913605
1783
0 950355
1784
0 682867
1785
0 1475866
1786
0 291053
1787
0 1311116
1788
0 593651
1789
0 422567
1790
1 1099190
0 1102298
1791
0 1470588
1792
0 2065700
1793
0 1919716
1794
0 1113305
1795
0 217216
1796
0 1882006
1797
0 1697922
1798
0 1794524
1799
0 277236
1800
0 1974483
1801
0 1037873
1802
0 188023
1803
0 343226
1804
0 693096
1805
0 1757514
1806
0 1636225
1807
0 1708956
1808
1 787488
0 790514
1809
0 719301
1810
0 423302
1811
1 1629637
0 1632650
1812
0 1905448
1813
0 1552013
1814
1 1763674
0 1766777
1815
0 97684
1816
0 1740839
1817
0 1428089
1818
0 339444
1819
0 1356721
1820
0 682983
1821
0 1310974
1822
0 1413775
1823
0 749735
1824
0 757387
1825
1 781325
0 784303
1826
0 949080
1827
0 1273082
1828
0 2070110
1829
0 562132
1830
0 921519
1831
0 874761
1832
0 1644598
1833
0 1619298
1834
0 205056
1835
0 338855
1836
0 504298
1837
0 475212
1838
0 1286421
1839
0 16029
1840
0 1351547
1841
0 1784778
1842
0 720474
1843
0 662795
1844
0 619295
1845
0 39723
1846
0 1014753
1847
0 2092825
1848
0 2004274
1849
0 1787725
1850
0 456557
1851
0 224452
1852
0 640714
1853
0 10454
1854
0 520082
1855
0 355892
1856
0 1366647
1857
0 1733624
1858
0 1956871
1859
0 1209912
1860
0 1097955
1861
0 457569
1862
0 794477
1863
0 446792
1864
0 795624
1865
0 1261458
1866
0 287411
1867
0 1466498
1868
0 1640496
1869
0 1524075
1870
0 269201
1871
0 1875151
1872
0 1633278
1873
0 440889
1874
0 364660
1875
0 781583
1876
0 829526
1877
0 1073519
1878
0 661848
1879
0 310329
1880
0 448127
1881
0 640759
1882
0 1044220
1883
0 788043
1884
0 1328059
1885
0 2025577
1886
0 1100659
1887
1 568762
0 571738
1888
0 1365720
1889
0 1170415
1890
0 778927
1891
0 991716
1892
0 205233
1893
1 1552527
0 1555810
1894
1 1755699
0 1758796
1895
0 1172159
1896
0 843695
1897
0 1308542
1898
0 769794
1899
0 1486401
1900
0 1885046
1901
0 375972
1902
0 1650804
1903
0 189329
1904
0 1703545
1905
0 104666
1906
0 229536
1907
0 1479499
1908
0 2068776
1909
0 231382
1910
0 292539
1911
0 527790
1912
0 1391387
1913
0 1553937
1914
0 1951150
1915
0 469567
1916
0 1918340
1917
1 1776114
0 1779752
1918
0 423145
1919
0 1201469
1920
0 715092
1921
0 1408437
1922
0 1969152
1923
0 1073089
1924
0 1446789
1925
0 978607
1926
0 844928
1927
0 1533235
1928
0 816532
1929
0 1117604
1930
0 146292
1931
0 1445140
1932
0 610901
1933
0 246993
1934
0 608672
1935
0 1864707
1936
0 1548147
1937
0 826209
1938
0 1168291
1939
0 718241
1940
0 716070
1941
0 798363
1942
0 516930
1943
0 1802364
1944
0 1493332
1945
0 402529
1946
0 1624294
1947
0 2019560
1948
0 636958
1949
0 1556445
1950
0 660610
1951
0 1157434
1952
1 2077826
0 2081015
1953
0 1503885
1954
0 275251
1955
0 1972342
1956
0 668749
1957
0 404292
1958
0 985844
1959
0 1788761
1960
0 701103
1961
0 1812228
1962
0 652900
1963
0 995481
1964
0 1269596
1965
0 1647734
1966
0 393631
1967
0 1015712
1968
0 239535
1969
0 480536
1970
0 967173
1971
0 262745
1972
1 129051
0 132046
1973
0 1060920
1974
0 348940
1975
0 600298
1976
0 237472
1977
0 241960
1978
0 623205
1979
0 1900713
1980
0 298012
1981
0 1065188
1982
0 1667219
1983
0 1774683
1984
0 2083503
1985
0 52235
1986
0 1397527
1987
1 381583
0 384540
1988
0 1982572
1989
0 366889
1990
0 421070
1991
0 1842620
1992
0 1602272
1993
0 1646509
1994
0 851842
1995
0 56562
1996
0 2011530
1997
0 1296528
1998
0 1663701
1999
0 17424
2000
0 963581
2001
0 2081570
2002
0 1280070
2003
0 290757
2004
1 1400581
0 1404175
2005
0 1916061
2006
0 533634
2007
0 681874
2008
1 1491627
0 1494758
2009
0 68182
2010
0 743016
2011
0 1217960
2012
1 1330566
0 1334153
2013
0 988805
2014
0 302985
2015
1 1930887
0 1934253
2016
0 1123532
2017
0 1919732
2018
0 1017172
2019
0 67753
2020
0 460130
2021
0 120439
2022
0 518696
2023
0 619403
2024
0 1873308
2025
0 686112
2026
0 105410
2027
0 1831950
2028
0 1276771
2029
0 2043118
2030
0 526858
2031
0 448068
2032
0 2027289
2033
0 400858
2034
0 975920
2035
0 962778
2036
0 61971
2037
0 1400858
2038
0 1095187
2039
0 965721
2040
0 2017420
2041
0 150414
2042
0 137834
2043
0 1080697
2044
0 61288
2045
0 280672
2046
0 1609071
2047
0 477224
2048
0 1633945
2049
0 545423
2050
0 222711
2051
0 168207
2052
0 182458
2053
0 1423732
2054
0 207085
2055
0 342514
2056
0 152373
2057
0 776530
2058
0 463102
2059
0 463329
2060
0 400856
2061
0 1034128
2062
0 2073714
2063
0 1584848
2064
0 1106955
2065
0 290030
2066
0 1559969
2067
0 1354612
2068
1 2393
0 5324
2069
0 1388081
2070
0 1541362
2071
0 1624598
2072
0 1338585
2073
0 1441088
2074
0 1676831
2075
0 406033
2076
0 1404292
2077
0 622242
2078
0 617409
2079
0 132698
2080
0 862767
2081
0 574362
2082
0 1311248
2083
0 212383
2084
0 1545833
2085
0 1619794
2086
0 322
2087
0 690693
2088
0 5453
2089
0 32602
2090
0 19208
2091
0 508701
2092
0 807154
2093
0 423168
2094
0 1107234
2095
0 1018348
2096
0 1852244
2097
0 1738994
2098
0 774612
2099
0 549393
2100
0 1080305
2101
0 1293220
2102
0 557485
2103
0 185210
2104
0 1452555
2105
0 465583
2106
0 821189
2107
0 289446
2108
0 395424
2109
0 476054
2110
0 167454
2111
0 1944977
2112
0 1059035
2113
0 1369040
2114
0 1247988
2115
0 451782
2116
0 1466135
2117
0 405622
2118
0 154862
2119
0 347028
2120
0 69245
2121
0 282796
2122
0 1934545
2123
0 707527
2124
0 1596451
2125
0 485913
2126
0 416018
2127
0 791217
2128
0 1437782
2129
0 1485806
2130
0 580331
2131
0 2072482
2132
1 349051
0 352006
2133
0 545690
2134
0 1743372
2135
0 925768
2136
0 1741807
2137
0 750570
2138
0 1399297
2139
0 434777
2140
0 1944843
2141
0 2016890
2142
0 178739
2143
0 1659502
2144
0 1555896
2145
0 1409977
2146
0 1748835
2147
1 1099925
0 1102855
2148
0 635902
2149
0 1861485
2150
0 1041990
2151
0 1156144
2152
0 1832434
2153
0 956470
2154
0 1601146
2155
0 738389
2156
1 107245
0 110466
2157
0 187433
2158
0 188933
2159
0 346504
2160
0 381235
2161
0 1384972
2162
1 239088
0 242434
2163
0 1528684
2164
0 1308970
2165
1 1999921
0 2003810
2166
0 2024466
2167
0 219798
2168
0 1166760
2169
0 1346245
2170
0 1918232
2171
1 792281
0 795469
2172
0 1696829
2173
0 1892261
2174
0 741937
2175
0 32689
2176
0 1063084
2177
0 729709
2178
0 1267560
2179
0 1199082
2180
0 802747
2181
0 1867754
2182
0 1129726
2183
0 1285655
2184
1 902911
0 905897
2185
0 1108001
2186
0 1167965
2187
0 1934752
2188
0 720635
2189
0 1507226
2190
0 1979397
2191
0 816270
2192
0 344656
2193
0 1203507
2194
0 868580
2195
0 1179089
2196
0 1148172
2197
0 168353
2198
0 368508
2199
0 413665
2200
0 1359513
2201
0 715687
2202
0 1945229
2203
0 731301
2204
0 1004522
2205
0 879543
2206
1 1351690
0 1354677
2207
0 1916885
2208
0 97789
2209
0 1638098
2210
0 1334696
2211
0 409550
2212
1 974258
0 977603
2213
0 977240
2214
0 1596604
2215
0 1453884
2216
0 675417
2217
0 1048189
2218
0 156165
2219
0 983464
2220
1 1225486
0 1229245
2221
0 1311427
2222
0 1987389
2223
0 72061
2224
0 857242
2225
0 2081361
2226
0 1580087
2227
0 1193519
2228
1 1917495
0 1920460
2229
0 1731206
2230
0 512850
2231
0 906551
2232
0 175925
2233
0 880618
2234
0 861782
2235
0 797227
2236
0 214775
2237
0 781611
2238
0 1199808
2239
0 734249
2240
0 279936
2241
0 1915535
2242
0 668443
2243
0 115221
2244
0 136678
2245
0 361513
2246
0 1379734
2247
0 575123
2248
0 178754
2249
0 999680
2250
0 1651520
2251
0 725966
2252
0 245068
2253
0 1448064
2254
0 1437097
2255
0 1696816
2256
0 572395
2257
0 358465
2258
0 1843161
2259
0 1417395
2260
0 1180219
2261
0 1169581
2262
0 1672253
2263
0 438791
2264
0 1034484
2265
0 1831140
2266
0 1245177
2267
0 349059
2268
0 440717
2269
0 282828
2270
0 1529834
2271
0 2027443
2272
0 468308
2273
1 739734
0 742694
2274
0 23171
2275
0 130508
2276
0 34880
2277
0 1071998
2278
0 416911
2279
0 804595
2280
0 1730458
2281
0 1342764
2282
0 284028
2283
0 231503
2284
0 1538517
2285
0 2073787
2286
0 1532366
2287
0 355065
2288
0 447956
2289
0 436257
2290
0 819211
2291
0 187363
2292
0 1364641
2293
0 1498208
2294
0 469348
2295
0 1725790
2296
0 47384
2297
0 1076003
2298
0 2027722
2299
0 603373
2300
0 1854746
2301
0 1130678
2302
0 1937029
2303
0 1703928
2304
0 576094
2305
0 1838261
2306
0 1195792
2307
0 1318931
2308
0 1473167
2309
1 1115002
0 1117536
2310
0 572477
2311
0 1584962
2312
0 1466532
2313
0 1883565
2314
0 1404573
2315
0 1846012
2316
0 1378200
2317
0 1405599
2318
1 451535
0 454501
2319
0 1899914
2320
0 512690
2321
0 1216451
2322
0 700573
2323
0 1982961
2324
0 639258
2325
0 542671
2326
0 319298
2327
0 742575
2328
0 1932588
2329
0 1784648
2330
0 716410
2331
0 126236
2332
0 10377
2333
0 1661042
2334
0 1932785
2335
1 555196
0 558087
2336
0 930640
2337
0 1059046
2338
0 870929
2339
0 1114380
2340
0 1707120
2341
0 1786873
2342
0 1092020
2343
0 86579
2344
0 638013
2345
0 642477
2346
0 963662
2347
0 792064
2348
0 9477
2349
0 1980608
2350
0 547788
2351
0 513297
2352
0 624192
2353
0 467996
2354
0 915692
2355
0 136357
2356
0 1160086
2357
0 247830
2358
0 1359286
2359
0 804878
2360
0 1789768
2361
0 905977
2362
0 170069
2363
0 1778736
2364
0 1807009
2365
0 20090
2366
0 1165171
2367
0 1740429
2368
0 1336600
2369
0 974160
2370
0 1086864
2371
0 1119084
2372
0 1167258
2373
0 1095928
2374
0 1585394
2375
0 745906
2376
0 66433
2377
0 2025958
2378
0 1193831
2379
0 919655
2380
0 249257
2381
0 905243
2382
0 323598
2383
0 866060
2384
0 2045875
2385
0 1871694
2386
0 1328602
2387
0 819668
2388
0 1069312
2389
1 224286
0 227899
2390
0 1219625
2391
0 1680019
2392
0 1962876
2393
0 520499
2394
0 1805130
2395
0 367229
2396
0 1796273
2397
0 1716656
2398
0 2039043
2399
0 647898
2400
0 1665934
2401
0 1535223
2402
0 1280788
2403
0 10290
2404
0 995331
2405
0 271575
2406
0 257396
2407
0 1151430
2408
0 1047446
2409
0 754967
2410
0 1949598
2411
0 902952
2412
0 119404
2413
0 2019694
2414
0 74326
2415
0 2087196
2416
0 1229885
2417
0 1991637
2418
0 1535655
2419
0 2055450
2420
0 174116
2421
0 583321
2422
0 1498083
2423
0 392998
2424
0 1966694
2425
0 1973312
2426
0 24794
2427
0 1743976
2428
0 12120
2429
0 1055748
2430
0 1809198
2431
0 679954
2432
0 1954356
2433
0 842405
2434
0 944835
2435
0 1458204
2436
0 530774
2437
0 1248682
2438
0 241065
2439
0 1641926
2440
0 1807937
2441
0 1501331
2442
0 634470
2443
0 1734533
2444
0 1440063
2445
0 1457078
2446
0 824397
2447
0 1354573
2448
0 1834539
2449
0 238857
2450
0 34539
2451
0 1310194
2452
0 1710990
2453
0 682803
2454
0 1876686
2455
0 206549
2456
0 1353496
2457
0 613709
2458
0 930313
2459
0 391232
2460
0 411487
2461
0 451922
2462
0 22910
2463
0 37756
2464
0 71388
2465
0 548674
2466
0 977479
2467
0 478156
2468
0 1733856
2469
0 341113
2470
0 1069601
2471
0 357848
2472
0 10072
2473
1 953226
0 956517
2474
0 2084659
2475
0 921290
2476
0 1727801
2477
0 1199398
2478
0 772177
2479
0 1403014
2480
0 162438
2481
0 601617
2482
0 660482
2483
0 262042
2484
0 1573021
2485
0 332855
2486
0 420949
2487
0 175165
2488
1 1559228
0 1562212
2489
0 833801
2490
0 1332313
2491
0 66977
2492
0 1760330
2493
0 1544428
2494
0 2027929
2495
0 404631
2496
0 1268665
2497
0 1825407
2498
0 1085428
2499
0 1473388
2500
0 1950090
2501
0 1739756
2502
0 599856
2503
1 741406
0 744685
2504
0 1235107
2505
0 1766361
2506
0 1033437
2507
1 951991
0 954927
2508
0 1744460
2509
0 63478
2510
0 1252066
2511
0 1557817
2512
0 1457955
2513
0 1894706
2514
0 529393
2515
0 252151
2516
0 1408598
2517
0 419090
2518
0 931775
2519
0 627215
2520
0 1587071
2521
0 54890
2522
0 7233
2523
0 640752
2524
0 1937892
2525
0 844162
2526
0 1469670
2527
1 595631
0 599128
2528
0 1113259
2529
0 107464
2530
0 929189
2531
0 1324718
2532
0 105232
2533
0 1182709
2534
0 1701102
2535
0 1628013
2536
0 151542
2537
0 2037433
2538
0 780338
2539
0 1480383
2540
0 1836369
2541
0 1517866
2542
0 744171
2543
0 1270532
2544
0 1703417
2545
1 1389367
0 1392534
2546
0 639097
2547
1 2066318
0 2069361
2548
0 1936567
2549
0 990156
2550
0 1350663
2551
1 1099525
0 1102538
2552
1 1510424
0 1513607
2553
0 1379618
2554
0 1173139
2555
0 1135950
2556
0 1228114
2557
0 1306363
2558
0 140394
2559
1 546973
0 549966
2560
1 592048
0 595204
2561
0 870830
2562
0 813725
2563
0 982614
2564
0 1889620
2565
0 886244
2566
0 976268
2567
0 147373
2568
0 1051423
2569
0 2011946
2570
0 473661
2571
0 1348292
2572
0 818258
2573
0 743386
2574
0 35129
2575
0 1542161
2576
0 93160
2577
0 1088088
2578
1 1200687
0 1203621
2579
0 765145
2580
0 943290
2581
0 737712
2582
0 692395
2583
0 1442745
2584
0 880675
2585
0 66508
2586
0 1001741
2587
0 486371
2588
0 982883
2589
0 549069
2590
0 532134
2591
0 1969699
2592
0 1358602
2593
0 676151
2594
0 964940
2595
0 1081946
2596
0 764373
2597
0 1163770
2598
0 1135592
2599
0 915594
2600
0 1488058
2601
0 27908
2602
0 1979018
2603
0 2055370
2604
0 220608
2605
0 656332
2606
0 1154569
2607
0 1271413
2608
0 14213
2609
0 475890
2610
0 1264812
2611
0 968082
2612
0 1337282
2613
0 992973
2614
0 1305287
2615
0 1857301
2616
0 1196611
2617
0 1761480
2618
0 1419771
2619
0 1804722
2620
0 353752
2621
0 1643630
2622
0 268822
2623
0 1366694
2624
0 534909
2625
0 1405794
2626
0 1835344
2627
0 1724813
2628
0 273247
2629
0 1069340
2630
0 1672365
2631
0 1514368
2632
0 961471
2633
0 248332
2634
0 1436469
2635
0 361557
2636
0 1364513
2637
0 1560841
2638
0 1613708
2639
0 996330
2640
0 1780918
2641
0 394316
2642
0 828802
2643
0 680685
2644
0 1865742
2645
0 1164694
2646
0 1930454
2647
0 1323596
2648
0 1969671
2649
0 240883
2650
0 108588
2651
0 1235130
2652
0 917089
2653
0 1032801
2654
0 1465081
2655
0 135937
2656
0 79515
2657
0 724647
2658
0 265434
2659
0 1079067
2660
0 292672
2661
0 1757262
2662
0 1348810
2663
0 705402
2664
0 1396423
2665
0 508365
2666
0 1042592
2667
0 943512
2668
0 24366
2669
0 68700
2670
0 297285
2671
0 688665
2672
0 1586665
2673
0 1426216
2674
1 1944330
0 1947250
2675
0 135411
2676
0 1255078
2677
0 1378485
