0
0 1954904
1
0 2079835
2
0 555699
3
0 124394
4
0 247739
5
0 1069932
6
0 1284326
7
1 577497
0 581136
8
0 1039825
9
0 605055
10
0 1939231
11
0 1125591
12
0 1823547
13
0 1898015
14
0 1113152
15
0 633428
16
0 897131
17
0 679959
18
0 1799960
19
0 38713
20
0 429807
21
0 1526571
22
0 2010287
23
0 354835
24
0 710953
25
0 763116
26
0 1933965
27
0 478680
28
0 1401160
29
0 1137078
30
0 1496699
31
0 710638
32
0 617795
33
0 1875853
34
0 843449
35
0 1636896
36
0 1682336
37
0 1293136
38
0 1342691
39
0 1025597
40
0 1915861
41
0 632329
42
0 1691858
43
0 494488
44
0 1283082
45
0 534217
46
0 713794
47
0 1986871
48
0 1093266
49
0 5838
50
0 561954
51
0 709658
52
0 430771
53
0 1103746
54
0 1229075
55
0 889819
56
0 1895929
57
0 170539
58
0 1406542
59
0 1289646
60
0 1159075
61
0 446640
62
0 1954761
63
0 1986038
64
0 53430
65
0 651149
66
0 353103
67
0 1910766
68
0 574488
69
0 1120315
70
0 1747440
71
1 1862851
0 1866214
72
0 796436
73
0 797282
74
0 816862
75
0 258747
76
0 1420432
77
0 871695
78
0 23964
79
1 1690665
0 1694013
80
0 1488321
81
0 173415
82
0 133844
83
0 1794726
84
0 25000
85
0 949504
86
0 1729552
87
0 859666
88
0 370298
89
0 1260027
90
0 696572
91
0 1104734
92
0 1928668
93
0 1004446
94
0 1003154
95
0 877081
96
0 991820
97
0 1406249
98
0 388710
99
0 940461
100
0 1136547
101
0 1041166
102
0 238053
103
0 1627006
104
0 539184
105
0 19961
106
0 1173511
107
0 1366498
108
0 1221289
109
0 212837
110
0 1819778
111
0 1723413
112
0 1131601
113
0 1638837
114
0 376003
115
0 1421720
116
0 1988218
117
0 1711256
118
0 933468
119
0 1122511
120
1 1680714
0 1684044
121
0 128000
122
0 865092
123
0 1099460
124
0 1943770
125
0 1977227
126
0 1532865
127
0 1740866
128
0 1034017
129
0 1456877
130
0 2013843
131
0 374764
132
0 1769137
133
0 1168134
134
0 1375588
135
0 1219145
136
0 797433
137
0 413850
138
0 1935226
139
0 119661
140
0 1294925
141
0 1091091
142
0 391483
143
0 51436
144
0 409477
145
1 642409
0 645846
146
0 1490621
147
0 192066
148
0 1316407
149
0 115773
150
0 433518
151
0 1987637
152
0 1491146
153
1 1263812
0 1267138
154
0 1159362
155
0 203150
156
0 1321369
157
0 1247503
158
0 1242926
159
0 1030423
160
0 1878156
161
0 799113
162
1 1223942
0 1227600
163
0 1908753
164
0 1960108
165
0 324030
166
0 275466
167
0 1271170
168
0 393546
169
0 518417
170
0 708993
171
0 1600460
172
1 1004383
0 1007699
173
0 129802
174
0 1021689
175
0 1199966
176
0 567106
177
0 314180
178
0 504087
179
0 575384
180
0 2028297
181
0 1917666
182
1 1908634
0 1912542
183
0 832143
184
0 1339528
185
0 1498466
186
0 14085
187
0 74010
188
0 1329857
189
0 652977
190
0 1305805
191
0 727571
192
0 784494
193
0 87579
194
0 1103101
195
0 1796560
196
0 372790
197
0 1321434
198
0 49878
199
0 936306
200
0 257191
201
0 1017031
202
0 1100874
203
0 1526456
204
0 1852263
205
0 446107
206
0 1186284
207
0 1992892
208
0 1455750
209
0 509900
210
0 495135
211
0 221119
212
0 1167602
213
0 1108100
214
0 1267036
215
1 1241994
0 1245326
216
0 1155948
217
0 1280916
218
0 1586999
219
0 1806897
220
0 1914472
221
0 1782787
222
0 1402063
223
0 1424141
224
0 1686269
225
0 1144511
226
0 1531403
227
0 256273
228
0 646323
229
0 392013
230
0 1057148
231
1 1431503
0 1435175
232
0 228331
233
0 747611
234
0 1694098
235
0 121665
236
0 1344242
237
0 1344252
238
0 78862
239
0 1460131
240
0 264117
241
0 654487
242
0 881935
243
0 1116684
244
0 1442473
245
0 1611387
246
0 1670604
247
0 409492
248
0 345421
249
0 1551448
250
0 1617864
251
0 172243
252
0 1062430
253
0 1254628
254
0 968319
255
0 551749
256
1 1945809
0 1949303
257
0 1885958
258
0 1088702
259
0 1803681
260
1 381361
0 384943
261
0 312239
262
0 1163510
263
0 1335777
264
0 626763
265
0 1138471
266
0 1142606
267
0 662998
268
0 1516103
269
0 590326
270
0 1579348
271
0 1978204
272
0 43485
273
0 405102
274
0 1230731
275
0 446016
276
0 1584616
277
0 1020913
278
0 274050
279
0 1792857
280
0 1244916
281
0 1196390
282
1 449426
0 452752
283
0 1756506
284
0 872028
285
0 1467479
286
0 2070282
287
0 956511
288
0 1804316
289
0 1689683
290
1 631668
0 634975
291
0 1508438
292
0 439285
293
0 600392
294
0 1402258
295
0 1461430
296
0 1437506
297
0 507549
298
0 457567
299
0 1525805
300
0 1984201
301
0 2019616
302
0 1662905
303
0 1514550
304
0 2038672
305
0 68468
306
0 1505117
307
0 1953910
308
0 71808
309
0 435970
310
0 1196320
311
0 770991
312
0 1339564
313
0 284437
314
0 959369
315
0 970648
316
0 185665
317
0 994027
318
0 700045
319
0 261068
320
0 1054973
321
0 492304
322
1 1827911
0 1831609
323
1 477091
0 480490
324
0 521381
325
0 497037
326
1 1769994
0 1773598
327
0 1856542
328
0 265328
329
0 777192
330
0 688307
331
0 365131
332
0 444411
333
0 2178
334
0 190273
335
0 1216642
336
0 460157
337
0 781189
338
0 1570262
339
0 678090
340
1 1421021
0 1424822
341
0 1804207
342
0 605037
343
0 189341
344
0 1281385
345
0 458114
346
0 149788
347
0 1504550
348
0 902761
349
0 1369472
350
0 1571433
351
0 1766272
352
0 1044793
353
0 206623
354
0 679242
355
0 831200
356
0 1983726
357
0 343570
358
0 296858
359
0 1585001
360
0 1861781
361
0 139462
362
0 442444
363
0 8901
364
0 1695805
365
0 120839
366
0 316355
367
0 1730893
368
0 674976
369
0 1211637
370
0 1538169
371
0 2041415
372
0 1323681
373
0 526880
374
0 1632157
375
0 1815982
376
0 1139589
377
0 1823464
378
0 1629183
379
1 1916362
0 1919780
380
0 90665
381
0 1086350
382
0 57172
383
0 136311
384
0 877276
385
0 1475005
386
0 27556
387
0 543859
388
0 1764023
389
0 1877940
390
0 1786084
391
0 1287664
392
0 1731639
393
0 360152
394
0 769589
395
0 103567
396
0 128113
397
0 1324065
398
0 62735
399
0 460449
400
0 1713127
401
0 566018
402
0 96510
403
0 1028110
404
0 1019598
405
0 543137
406
0 139608
407
0 2075411
408
0 1950691
409
0 791183
410
0 1492991
411
0 2022101
412
0 77782
413
0 356351
414
0 1724894
415
0 30854
416
0 219795
417
0 1059015
418
0 727373
419
1 893416
0 897088
420
0 405305
421
0 135218
422
1 1186599
0 1189938
423
0 2008404
424
0 1854143
425
0 1371438
426
0 993064
427
0 136953
428
0 1565952
429
0 193709
430
0 1790919
431
0 522607
432
0 971150
433
0 1128011
434
0 1020984
435
0 1396647
436
0 283437
437
1 1389079
0 1392530
438
0 428087
439
0 1934336
440
0 1262076
441
0 1530063
442
0 864961
443
0 597380
444
0 1841742
445
0 962043
446
0 589797
447
0 1669807
448
0 337282
449
0 1953952
450
0 1777621
451
0 584286
452
0 1883354
453
0 2023104
454
0 964644
455
0 1987544
456
0 1280657
457
0 261913
458
0 1655063
459
0 835897
460
0 1634782
461
0 1029343
462
0 1568375
463
0 2053692
464
0 950472
465
0 2028621
466
0 2078444
467
0 2094607
468
0 1639881
469
0 1872336
470
0 448501
471
0 1324543
472
0 640999
473
0 583132
474
0 849655
475
0 1583824
476
0 925810
477
0 1379454
478
0 965673
479
0 1576526
480
0 609211
481
0 1625109
482
0 1932290
483
1 1645396
0 1649235
484
1 1124330
0 1127898
485
0 1044281
486
1 169074
0 172395
487
0 628381
488
0 1297685
489
0 1716893
490
0 928640
491
0 1994820
492
0 1500319
493
0 1813416
494
1 1490883
0 1494249
495
0 391625
496
0 1118610
497
0 297390
498
0 563113
499
1 996295
0 999616
500
0 83603
501
0 254367
502
0 843451
503
0 243146
504
0 986281
505
0 1640514
506
0 1666614
507
0 462845
508
0 1343755
509
0 1822753
510
0 1207298
511
0 1841166
512
0 1721736
513
0 1569202
514
0 672719
515
0 1233048
516
0 1001455
517
0 187567
518
0 2039967
519
0 637153
520
0 1925153
521
1 1530841
0 1534284
522
0 1341751
523
0 11898
524
0 1397548
525
0 8873
526
0 1983514
527
0 1854856
528
0 2079291
529
0 1096035
530
0 1300565
531
0 1028291
532
0 1893052
533
1 725946
0 729306
534
0 1025918
535
0 1800293
536
0 554314
537
0 1972078
538
0 1945223
539
0 925361
540
0 947777
541
0 1149038
542
0 1625712
543
0 70762
544
0 583290
545
0 1919532
546
0 1335039
547
0 103830
548
1 1417512
0 1421118
549
0 1235416
550
0 1439016
551
0 1518970
552
0 1875333
553
0 1788381
554
0 1916421
555
0 1225938
556
0 388193
557
0 746368
558
1 1417574
0 1420847
559
0 1634916
560
0 2081403
561
0 1254854
562
0 237760
563
1 840631
0 843929
564
0 1461972
565
0 1831803
566
0 994856
567
0 1585911
568
0 536509
569
0 1485602
570
0 478594
571
0 374108
572
1 1831125
0 1834547
573
0 637680
574
0 1349
575
0 951893
576
0 578495
577
0 69539
578
0 1377217
579
0 1943206
580
1 960118
0 963690
581
0 1012329
582
0 536273
583
0 1800008
584
0 391341
585
1 1731718
0 1735100
586
0 1030984
587
0 635317
588
0 206775
589
0 1471374
590
0 1726545
591
0 1249490
592
0 2012454
593
0 2059294
594
0 240069
595
0 830087
596
0 28825
597
0 772667
598
0 1400705
599
0 1010617
600
0 803719
601
0 1826471
602
0 676101
603
0 1999837
604
0 1800398
605
0 1086285
606
0 1190683
607
0 1050803
608
0 1663259
609
0 1312650
610
0 554039
611
0 491920
612
0 1310052
613
0 1622926
614
0 1640210
615
0 1601608
616
0 1386246
617
0 1784885
618
0 1287698
619
0 214313
620
0 1837466
621
1 1681671
0 1685402
622
0 30622
623
0 127950
624
0 1105342
625
0 1917760
626
0 749787
627
0 1352839
628
0 145861
629
0 1558171
630
0 182132
631
0 348112
632
0 1332919
633
0 1345346
634
0 296199
635
0 1934626
636
0 1328953
637
0 834472
638
0 1294263
639
0 1647956
640
0 1503910
641
0 316639
642
0 1870204
643
0 1136151
644
0 893765
645
0 1230186
646
0 626345
647
0 1506961
648
0 1757390
649
0 1953752
650
0 1119081
651
0 1411366
652
0 1513922
653
0 1260612
654
0 747169
655
0 1923432
656
0 890468
657
0 202576
658
1 1656135
0 1659641
659
0 1697694
660
0 1615654
661
0 514873
662
0 1121490
663
0 54546
664
0 789412
665
0 776841
666
0 410908
667
0 1114201
668
0 843210
669
0 850726
670
0 818216
671
0 1766924
672
0 1043521
673
1 1410624
0 1413954
674
0 1188949
675
0 2005295
676
0 452512
677
0 1360260
678
1 461127
0 464633
679
0 1380547
680
0 7089
681
0 2084191
682
0 147036
683
0 1889265
684
0 278496
685
0 1970756
686
0 1977317
687
0 594034
688
1 1091164
0 1094486
689
1 351184
0 354710
690
0 659312
691
0 313472
692
0 1993238
693
1 758033
0 761716
694
0 1094989
695
1 1157423
0 1160759
696
0 51168
697
1 1488415
0 1491870
698
0 627942
699
0 418181
700
0 738722
701
0 1708472
702
0 895208
703
0 1700322
704
0 1620487
705
0 497112
706
0 850261
707
0 1202164
708
0 1868000
709
0 610064
710
0 1129079
711
0 629597
712
1 183467
0 186770
713
0 148041
714
0 1729755
715
0 569469
716
0 278069
717
0 1580239
718
0 1769509
719
0 214866
720
0 258332
721
1 1713951
0 1717676
722
0 505045
723
0 2067924
724
0 495536
725
0 125765
726
0 1413322
727
0 1021156
728
0 2090290
729
0 1509482
730
0 405286
731
0 852607
732
0 754036
733
0 381446
734
0 489495
735
0 1553998
736
0 1207922
737
0 1619951
738
0 533205
739
0 1188482
740
0 655397
741
0 1774068
742
0 493127
743
1 1845467
0 1848852
744
0 513003
745
0 1985193
746
0 138056
747
0 1428458
748
0 989309
749
0 1514976
750
0 1089245
751
0 222988
752
0 1258865
753
0 733256
754
0 198695
755
0 224529
756
0 1067765
757
1 2068753
0 2072096
758
0 320742
759
0 1397064
760
0 1509499
761
0 71589
762
0 2093579
763
0 1369851
764
0 1889692
765
0 1268065
766
0 1051469
767
0 165366
768
0 1872565
769
0 1979814
770
0 1362616
771
0 1396667
772
0 707654
773
0 1526315
774
0 1239357
775
0 1059879
776
0 1261820
777
0 290646
778
1 1139207
0 1142711
779
0 390268
780
0 75556
781
0 1635666
782
0 1967246
783
0 1732324
784
0 372078
785
0 1414346
786
0 1474335
787
0 506636
788
0 1662802
789
0 203540
790
0 1875321
791
1 1798149
0 1801761
792
0 644611
793
0 1908188
794
0 1094322
795
0 1981635
796
0 354719
797
0 1652334
798
0 1279945
799
0 553174
800
0 1732038
801
0 1110650
802
0 993836
803
0 1189194
804
0 1331977
805
0 1860980
806
0 2007400
807
1 1176775
0 1180185
808
0 2044665
809
0 41386
810
0 1087551
811
0 630620
812
0 1631964
813
0 1212246
814
0 1770614
815
0 445093
816
0 76723
817
0 375067
818
0 1327922
819
0 161030
820
1 2032987
0 2036405
821
0 32760
822
0 29594
823
0 473558
824
0 419225
825
0 16214
826
0 563900
827
0 935551
828
0 120475
829
0 1713810
830
0 643977
831
0 1358716
832
0 91407
833
0 454207
834
0 1107015
835
0 1802507
836
0 84710
837
0 2024448
838
0 1323409
839
0 1351313
840
0 612093
841
0 1220844
842
0 1223448
843
1 1940095
0 1943709
844
0 966704
845
0 2052876
846
0 174945
847
0 2005053
848
0 1054691
849
0 935888
850
0 1313947
851
1 1833862
0 1837188
852
0 2004720
853
0 874796
854
0 1804905
855
0 109774
856
0 589713
857
0 502953
858
0 1259572
859
0 146894
860
0 567902
861
0 1543011
862
0 79481
863
0 2021655
864
0 1092996
865
0 162059
866
0 2066715
867
0 1454921
868
0 1438699
869
0 1206706
870
0 1659616
871
0 678354
872
0 1541785
873
0 1655663
874
0 278065
875
0 1888069
876
0 171677
877
0 457251
878
0 1760600
879
0 1785597
880
0 1163353
881
0 1113248
882
0 856572
883
0 592421
884
0 1400929
885
0 575342
886
0 1868079
887
0 848460
888
0 1043555
889
0 686272
890
0 1073423
891
0 65610
892
0 1740762
893
0 772423
894
0 1117217
895
0 1461455
896
0 1917762
897
0 1959429
898
0 1922553
899
0 629658
900
0 1345552
901
0 396227
902
0 1287474
903
0 2004837
904
0 1187319
905
0 362052
906
0 1174455
907
1 888582
0 892211
908
0 1821458
909
0 1287260
910
0 1813715
911
0 12028
912
0 1207726
913
0 963426
914
0 371377
915
0 261009
916
0 236538
917
0 106706
918
0 861461
919
0 1574630
920
0 601047
921
0 2066916
922
0 1690973
923
0 764198
924
0 584095
925
0 2002099
926
0 1946891
927
0 1201588
928
0 1396468
929
0 1761075
930
0 514682
931
0 48681
932
0 1298519
933
0 1082891
934
0 750209
935
0 258192
936
0 1217757
937
0 317069
938
1 564987
0 568315
939
0 663952
940
0 609884
941
0 1020048
942
0 1596556
943
0 430466
944
0 16450
945
0 1109244
946
1 982285
0 985852
947
0 296869
948
0 1319579
949
0 283346
950
0 746185
951
0 1548599
952
0 941260
953
0 477043
954
0 114565
955
0 1427292
956
1 1856974
0 1860326
957
0 855040
958
0 1696284
959
0 1028809
960
0 1501668
961
0 1301481
962
0 1872174
963
0 1587138
964
0 801862
965
0 263166
966
0 888542
967
0 20381
968
0 1160917
969
0 2044895
970
0 285869
971
0 1506758
972
0 1861577
973
0 1023091
974
0 1913228
975
0 1227369
976
0 1936708
977
0 448474
978
0 1036717
979
0 1633489
980
0 552598
981
0 841859
982
0 828318
983
0 1032581
984
0 2005237
985
0 1522327
986
0 1816544
987
0 313143
988
0 843248
989
0 745866
990
0 1467804
991
0 1662329
992
1 271970
0 275319
993
0 588430
994
0 895358
995
0 508467
996
0 1209781
997
0 853958
998
0 1970921
999
1 1122275
0 1125647
1000
0 1451576
1001
0 2036287
1002
0 846008
1003
0 947727
1004
0 494813
1005
0 84630
1006
0 896718
1007
0 1374024
1008
0 778324
1009
0 208496
1010
0 461252
1011
1 204789
0 208256
1012
0 1155617
1013
0 143299
1014
0 1716072
1015
0 1874591
1016
0 303174
1017
0 778360
1018
0 1721917
1019
0 614888
1020
0 1389592
1021
0 1201321
1022
0 1214259
1023
0 1628827
1024
0 626677
1025
0 636984
1026
1 526350
0 529902
1027
0 410042
1028
0 1872660
1029
0 1605978
1030
0 983604
1031
0 775314
1032
0 834333
1033
0 1815115
1034
0 1880023
1035
0 1888454
1036
0 1679228
1037
0 1820124
1038
0 991682
1039
0 1419439
1040
0 770856
1041
0 1296261
1042
1 47062
0 50412
1043
0 1187443
1044
0 1044714
1045
0 1611766
1046
0 1094813
1047
0 570985
1048
0 815849
1049
0 78126
1050
0 1253881
1051
0 399165
1052
0 1887095
1053
0 578020
1054
0 41075
1055
0 1599447
1056
0 1871972
1057
0 1043766
1058
0 560171
1059
0 1319156
1060
0 1201159
1061
0 2048048
1062
0 2055066
1063
0 964746
1064
0 1438548
1065
0 1038397
1066
0 404343
1067
1 1625603
0 1629552
1068
1 273330
0 276878
1069
0 1248000
1070
0 1839329
1071
0 1393030
1072
0 1068703
1073
1 1297332
0 1300565
1074
0 1769801
1075
0 999004
1076
0 333331
1077
0 932871
1078
0 706649
1079
0 1935732
1080
0 46506
1081
0 127365
1082
0 1781898
1083
0 1209765
1084
0 1318474
1085
0 332188
1086
0 592975
1087
0 558832
1088
0 1777894
1089
0 1864783
1090
0 1454454
1091
0 1952711
1092
1 866105
0 869422
1093
0 359721
1094
0 74362
1095
0 1778690
1096
0 496941
1097
0 1883916
1098
0 953221
1099
0 260679
1100
0 2027542
1101
0 1225853
1102
0 371202
1103
0 88725
1104
1 1370193
0 1373650
1105
0 668025
1106
0 1960891
1107
0 1702850
1108
0 523069
1109
0 1017660
1110
0 468242
1111
0 1959301
1112
0 936161
1113
0 1146411
1114
0 1078781
1115
0 1918250
1116
0 1196360
1117
0 1999340
1118
0 430456
1119
0 587090
1120
0 1664010
1121
0 1036832
1122
0 38791
1123
0 5561
1124
0 848044
1125
0 2040126
1126
0 41353
1127
1 654382
0 657842
1128
0 973712
1129
0 1530914
1130
0 1280112
1131
0 1668468
1132
0 96027
1133
0 653512
1134
0 1447993
1135
0 150598
1136
0 1275546
1137
0 221040
1138
0 1035026
1139
0 670268
1140
0 1189056
1141
0 117208
1142
0 641242
1143
0 603573
1144
0 703780
1145
0 292917
1146
0 1019675
1147
0 692304
1148
0 231281
1149
0 1608396
1150
0 540098
1151
0 73562
1152
0 1032539
1153
0 1276162
1154
0 1118125
1155
0 228624
1156
0 80594
1157
0 1208285
1158
0 1316862
1159
0 1422923
1160
0 1917521
1161
0 283120
1162
0 522024
1163
0 22732
1164
0 1984553
1165
0 2037480
1166
0 1326452
1167
0 49817
1168
0 135299
1169
0 31968
1170
0 459407
1171
0 1779092
1172
0 467067
1173
0 35102
1174
0 1979948
1175
0 363413
1176
0 1304052
1177
1 137076
0 140387
1178
0 512647
1179
0 2012469
1180
0 1730769
1181
0 1783224
1182
1 1729708
0 1733149
1183
0 1326401
1184
0 1964909
1185
0 1934826
1186
0 1483248
1187
0 1567198
1188
0 589167
1189
0 1014621
1190
0 628373
1191
0 846657
1192
0 10099
1193
0 1713259
1194
1 1437129
0 1440468
1195
0 1212956
1196
1 1224086
0 1227714
1197
0 1790119
1198
0 1569202
1199
0 1082993
1200
0 426171
1201
0 905020
1202
1 1411942
0 1415439
1203
0 1394603
1204
0 417285
1205
0 225855
1206
0 497694
1207
0 315703
1208
0 1458368
1209
0 725674
1210
0 399104
1211
0 140877
1212
0 960378
1213
0 1703223
1214
0 1767371
1215
0 606395
1216
0 1405611
1217
0 1431863
1218
0 1225294
1219
0 2027101
1220
0 1209993
1221
0 1495490
1222
0 883841
1223
0 1231947
1224
0 402671
1225
0 330041
1226
0 1809719
1227
0 2048909
1228
0 6590
1229
0 1546661
1230
0 1904909
1231
0 514685
1232
0 29274
1233
0 998171
1234
0 1201180
1235
0 90560
1236
0 1364576
1237
0 628556
1238
0 843520
1239
0 455719
1240
0 1791697
1241
0 1838987
1242
0 1912720
1243
1 844394
0 847819
1244
0 2069366
1245
0 347182
1246
0 802574
1247
0 1463253
1248
0 108738
1249
0 133553
